   2.0000000e+00  -3.2576173e+00  -1.8577792e+00  -1.0912323e-01  -1.5254934e-01   2.9361257e-01  -8.3610222e-02  -1.7219631e+00   1.5173332e-01   4.0833643e-01   1.2919636e+00
   2.0000000e+00  -1.9676074e-01  -1.1691627e-01   2.2873993e-01  -6.8896282e-01   4.0696795e-01  -1.2506815e+00   1.4338047e+00   1.5470523e+00  -3.2762210e-01   1.2801810e+00
   1.0000000e+00  -1.1714661e-01   4.9051592e-02   5.9531365e-01  -7.0471103e-01  -1.5152784e+00   1.2001027e+00   5.5696797e-01   3.0350866e-01  -5.7427814e-01  -5.2731615e-01
   2.0000000e+00  -4.6905387e-02  -9.3748751e-01   7.5880774e-01   3.7740872e-02  -1.0070728e+00  -4.1349224e-01  -1.9283128e-01   1.5123623e+00   3.8771711e-01  -6.2369811e-01
   1.0000000e+00   3.3679127e-01   6.4423766e-01  -2.9272576e-01  -1.4998794e+00  -1.4977938e+00   1.7315097e-01   9.5921480e-01  -1.5219953e+00  -7.7611861e-02  -6.1729409e-02
   1.0000000e+00  -5.6061739e-02   6.5237713e-01   2.7709187e-01  -9.2816268e-01  -2.3630018e-02  -1.7442702e-01   3.4070517e-02   1.1229755e+00   5.1327358e-01   1.2290657e+00
   2.0000000e+00   1.2780372e+00  -9.1852596e-01   1.0024888e+00  -2.6657164e+00  -4.0431192e-01   5.6936208e-01  -8.6048999e-01  -6.6149116e-01   4.2250797e-01   1.1712371e+00
   2.0000000e+00   9.3779223e-01  -4.9096431e-01  -3.6425339e-01   4.6249630e-01  -2.7671350e-01   6.2141677e-01  -1.0010061e+00   6.8142765e-02   5.6092757e-01  -1.3978989e+00
   2.0000000e+00   8.3909996e-02  -5.4309213e-01  -9.2692692e-01   5.0058163e-01   1.9487273e+00   3.4314956e-01  -1.2537413e+00  -4.2603062e-01   3.9666149e-01  -3.0669334e-01
   2.0000000e+00   1.5886804e-01   1.4535629e+00   1.6170229e+00   3.6349974e-01  -2.6829781e-01   5.1773490e-01  -8.8103964e-01   1.2206200e+00   6.0685314e-02   1.2420521e+00
   2.0000000e+00  -1.4896724e+00  -2.3733360e-01   3.8835707e-01  -1.3346403e+00  -4.0058768e-01  -4.3470887e-01  -1.1528560e+00  -1.8368616e+00  -5.6240959e-01  -4.8344941e-01
   1.0000000e+00   9.9291088e-02   5.6900656e-01  -3.7871200e-01  -2.1669391e-01  -3.2187470e-01  -1.3544702e-01   3.9171950e-01   2.2792834e+00  -1.8633313e+00  -5.4326396e-01
   2.0000000e+00   1.6623089e+00   6.4363596e-01  -1.4306411e+00   4.5539835e-02   3.8266172e-01   9.7771696e-01   3.8457274e-01  -7.0418593e-02   6.5737299e-01  -7.0754607e-01
   2.0000000e+00  -6.8560143e-01  -8.2491311e-01  -9.9541003e-01   7.1622658e-01  -9.5301223e-01   1.8326957e+00  -7.7236514e-01   4.6289402e-01  -7.5088047e-01   5.5479986e-01
   2.0000000e+00   1.4020215e-01   1.2302070e+00  -3.2849645e-02  -1.3124635e+00  -2.1633278e-01   3.9468474e-01  -3.5789766e-02  -2.3531859e+00  -1.1239883e+00   2.0247331e-01
   2.0000000e+00   1.8515089e+00  -1.7189214e+00  -4.1588313e-01  -3.5672129e-01   9.9887879e-01   1.2280785e+00  -2.2583226e-01   2.7867035e-01   1.4586328e+00   6.0963091e-01
   2.0000000e+00   4.6787816e-01   1.7418513e+00  -5.6434068e-01  -2.2193220e-01  -4.7863621e-01  -6.4576868e-01  -6.6447513e-01  -9.1090964e-01   4.4593163e-01   1.3242263e+00
   2.0000000e+00   3.8754576e-01   8.7447359e-01  -6.0987069e-01   1.0131851e+00  -1.9389121e-01   5.0502802e-01  -8.7735433e-01   2.6593270e-01  -1.0810650e-01  -1.4329609e-02
   2.0000000e+00  -9.9868337e-01   8.5746112e-01  -6.7003927e-01   1.3594983e+00  -1.1469461e-01  -4.6250384e-01  -3.0075080e-01  -1.3335111e-01  -6.2616821e-01   1.1092037e+00
   2.0000000e+00   1.3574407e+00   1.1356042e+00   8.7767871e-01   5.4838522e-01   6.0434217e-01   1.7126848e+00  -3.5625692e-01  -2.6973810e+00   1.1671930e-01   9.7902966e-02
   1.0000000e+00  -1.3976920e-01   5.7924483e-01   5.7244386e-01   7.7036941e-02   7.4781385e-01   1.3579720e+00   1.0593692e+00  -4.0488333e-02  -5.6255545e-02  -5.9950274e-03
   2.0000000e+00   6.6688774e-01  -1.8335407e+00  -7.2066580e-01  -5.8945083e-02  -2.0650504e+00  -2.0119685e+00  -1.5442475e+00   4.6289571e-02   1.0674338e+00  -6.3737423e-01
   2.0000000e+00   7.8670474e-02   1.3776201e+00   5.6600623e-01   1.3785613e+00  -5.6538033e-01  -1.2058284e+00  -4.4568572e-01  -5.2026355e-01   1.5265280e+00   1.0005223e+00
   2.0000000e+00   9.8175754e-01   3.9527844e-01   9.7602104e-01  -4.2853648e-01   2.6846321e-01  -8.4557792e-01   7.4796809e-02   2.6200427e-01  -6.2476474e-01   4.8916505e-01
   2.0000000e+00  -9.7722429e-02  -1.3686422e-01   7.8497345e-02  -5.5135124e-02   1.7002402e+00  -5.3236106e-01  -2.3279023e-01  -1.0583478e+00   6.9764498e-01  -8.9184931e-01
   2.0000000e+00   1.0360651e+00   7.7850427e-01  -1.3835317e+00   1.1748268e+00  -4.0046099e-01  -2.2553168e+00   3.8272630e-01  -5.5408725e-01   3.0282428e-01   2.5061008e+00
   1.0000000e+00   7.0984578e-01   1.8921585e-01   8.7278133e-01  -2.9992717e-01  -3.5160168e-01   2.9942587e-01  -5.0886749e-02  -2.3998138e+00   3.3354402e-01  -2.3459135e-01
   2.0000000e+00   2.0523050e-01   1.2753354e+00  -1.4101839e+00  -6.1375773e-02  -8.2203274e-01   1.1835781e-01  -1.6443673e+00  -1.4077623e+00  -1.4300186e+00   2.1525773e-01
   2.0000000e+00  -3.1178884e-01   7.8159992e-01   2.2081500e+00  -2.9321891e-01  -9.2616540e-01   1.2070983e-01   2.3857866e-01   8.8659449e-01   2.6149559e-01   1.9751404e+00
   2.0000000e+00   1.6004667e+00  -8.4783732e-02   4.3141975e-01  -5.8954372e-02  -4.9847224e-01   2.9470706e-01  -1.3881494e+00   4.6154939e-01   1.2193482e+00   6.4185809e-01
   2.0000000e+00  -1.6518484e+00  -1.2682426e+00  -9.8931258e-01  -2.3147171e-01   2.1651616e-01   4.3661433e-01  -1.2931335e+00   2.9160603e-01  -7.1795696e-01  -1.1723047e+00
   2.0000000e+00   2.2706922e-01  -1.1781167e+00  -7.2918792e-01  -8.2148318e-02   1.8808535e-01   2.3090067e+00  -3.0998708e-01  -6.4084235e-01   1.1095569e-02   7.5460128e-01
   2.0000000e+00   1.4853974e-01  -1.2736332e+00   5.8273822e-01  -1.5902491e-01  -1.0628316e+00  -8.2119339e-01   1.1939729e+00  -7.5306544e-01   3.7266330e-01  -2.6584770e-01
   2.0000000e+00  -5.0973834e-01   2.9206641e+00   2.9228771e+00  -8.9381272e-01  -9.0813042e-01  -4.5447474e-01  -1.0074236e-01   5.7463941e-02  -4.4494238e-01   1.4828069e-01
   2.0000000e+00   5.1374421e-02  -1.8770179e+00   5.0999236e-01   1.0823381e+00  -1.6573127e-01   6.8306933e-01  -9.3126383e-02   5.6579757e-01   6.8780854e-02   1.2869506e+00
   2.0000000e+00   2.1243201e-01   1.2006981e+00  -1.4956102e-01  -1.1201652e+00  -1.4678623e+00   1.9338426e+00  -1.2700558e-01  -1.7758366e+00  -1.2688473e+00  -4.7081314e-01
   2.0000000e+00   9.4814468e-01  -1.0219978e+00  -9.3755189e-01  -1.8281696e-01   1.5057198e+00  -5.9244210e-01  -2.2565727e-01  -7.9522447e-01   1.2270949e+00   1.3645140e+00
   1.0000000e+00  -8.7785278e-01   3.1673764e-02  -4.2863239e-01  -1.6754093e+00  -2.7404979e-01   1.1197222e-01   4.1239009e-01  -1.0249672e+00  -4.3395140e-01  -6.4082632e-01
   1.0000000e+00   2.4638752e-01   2.6146058e-01  -3.4157535e-01  -3.4381119e-01  -1.1513340e+00   1.7249281e+00   1.8037769e+00   8.9787425e-01  -4.5323263e-01  -1.0870818e+00
   1.0000000e+00  -5.9572573e-01   5.5910582e-01   6.9038198e-03   1.4590227e+00  -1.2395690e-01  -5.7384394e-02   6.1579614e-01   6.4972764e-02   1.5768540e-01  -1.2615762e-01
   2.0000000e+00  -1.2140233e+00   1.5696708e+00   1.7937562e+00  -7.2039837e-01   2.5185738e-01   4.1753877e-01   7.6188773e-01   3.8876393e-01   5.1433463e-01  -5.4571759e-01
   2.0000000e+00  -3.3269323e-01  -8.2733645e-01   1.1717163e+00   1.2009284e+00  -1.8518445e-02  -2.6326153e-01  -1.5140754e+00  -8.8720045e-01  -5.6229807e-01  -1.4340854e+00
   2.0000000e+00  -7.4080788e-01   1.3348347e+00  -2.9121101e-01   7.3372608e-01  -6.6956789e-01  -1.1254584e+00   1.0897485e+00  -7.4400647e-01   2.5274921e+00   8.1454738e-01
   1.0000000e+00  -8.9436341e-01   7.9407070e-01  -3.4892694e-01  -2.1729488e+00   6.2181633e-01   3.2607063e-01  -1.6673716e+00   2.3885677e-01  -4.3573302e-01  -1.8361490e+00
   2.0000000e+00   2.6248890e+00   1.2172310e+00   4.3253642e-01   1.6958571e+00  -1.0484362e+00   2.9631730e-01   1.3226319e-01   1.8677546e+00  -4.9621392e-01  -1.1892101e-01
   2.0000000e+00  -1.2827188e+00   1.3780064e+00  -1.0545884e+00   2.7669316e-01   9.8725286e-01   8.4251273e-01   4.1176873e-01   1.1343825e+00  -5.6849948e-01   8.3108673e-01
   2.0000000e+00  -1.4802204e+00  -1.0406983e+00  -5.5737532e-01  -7.4921578e-01   4.3860605e-01  -3.1500635e-01  -7.5688020e-02  -6.5293880e-02  -2.6137052e-01   5.9666694e-01
   2.0000000e+00   7.2273470e-01   1.0310281e+00  -1.2619058e+00  -1.3568812e+00   1.5937279e+00   4.6900366e-01   2.4936662e+00   7.2194490e-01   1.0656102e+00  -1.5904162e-01
   2.0000000e+00   1.2571999e+00   7.2382170e-01   7.8456009e-01   4.3907084e-01  -3.3427413e-01  -7.6231711e-01  -6.6600595e-01   6.4084382e-01   1.5044565e+00   7.8285560e-01
   1.0000000e+00  -9.6414799e-01   8.2249640e-01  -7.1422050e-02  -9.0095607e-01   9.2393668e-01   8.9924271e-01  -4.5364723e-01   5.7760211e-01  -3.0201774e-01   1.6371061e+00
   2.0000000e+00   1.1324256e+00   2.4562646e+00  -1.2202734e+00   2.7402105e+00  -1.2521674e+00   1.5341229e+00  -1.1479742e+00  -2.0952353e-01   2.7140939e-01  -6.8842451e-01
   2.0000000e+00   4.1076132e-01  -1.6075018e+00  -2.0797180e-01   8.2054972e-01  -4.8051061e-02   9.4324403e-01  -2.9112767e-01  -5.5344012e-01   1.7152009e+00   8.7793574e-02
   1.0000000e+00   5.8445396e-01   7.6318432e-01  -2.6392118e-01  -6.7285715e-01   1.2825586e+00  -3.5991685e-01  -1.2399519e+00   1.2550668e+00  -1.6070726e+00   5.6921430e-01
   1.0000000e+00   1.1692757e+00   2.6858741e-01   4.4867963e-01  -7.9725538e-01   1.4659459e+00   6.1232304e-01   2.3127100e+00   2.5574448e-01  -1.2369055e+00  -5.5024808e-01
   2.0000000e+00  -1.0338563e+00  -1.2892381e+00  -7.0463452e-01  -1.0145924e+00   4.5393108e-01   1.3622460e+00  -1.8516797e+00  -7.7150252e-01  -5.2391782e-01  -6.5300252e-01
   2.0000000e+00  -1.0183399e+00   7.6220254e-01   1.5098708e+00   6.1120051e-01   1.1131118e+00  -7.7286817e-01   1.9964242e+00   1.2793141e-01  -9.5973826e-01  -5.9763029e-01
   2.0000000e+00   1.1000940e-01  -1.6313061e+00  -5.0761343e-02   8.9937300e-01  -9.7707749e-01   5.8482442e-01  -5.6595386e-02  -1.1669158e+00  -7.7977838e-01   3.3649163e-01
   2.0000000e+00  -4.6117379e-01   1.7772524e+00  -7.5496694e-01   1.7942726e+00   1.4180863e+00   2.9558019e-01   6.4579334e-01  -4.8312624e-01  -2.9412727e-02   8.0344180e-01
   1.0000000e+00  -1.2425857e+00   6.1377180e-01  -1.9293318e-01  -1.1346019e+00   6.2638523e-01  -3.3580755e-01  -7.5125615e-01   4.6468206e-02   1.8303227e+00   4.3541216e-01
   2.0000000e+00   3.1264040e-01  -1.4644209e-01   5.5479703e-01  -4.8854745e-01   4.8360759e-01   3.6134062e-01   2.9588464e-01   5.3478785e-01  -4.2299594e-01   4.8647368e-01
   2.0000000e+00   1.7504933e+00   1.1924515e+00   1.4681728e+00  -2.5446713e-01  -8.5846599e-01   1.4667454e+00  -2.0145880e+00  -3.6237505e-01   5.8674057e-01   2.3448242e+00
   2.0000000e+00   2.8822581e-01  -4.3824688e-01   6.8106902e-02   6.1852740e-01   1.1856912e+00   4.1230832e-01  -7.0365529e-01   6.5213170e-01   1.8221308e-01  -4.8292574e-01
   2.0000000e+00   6.5384895e-01   1.3156665e+00  -3.6358600e-02   4.3093883e-01   1.0217759e+00   9.0116314e-02  -2.3352382e-01   2.5452637e-01  -5.0205250e-01   4.7265495e-01
   2.0000000e+00   1.8301049e+00  -3.3787001e-01   1.4597350e+00  -4.7738535e-01  -4.3670216e-01  -6.8294923e-01  -8.3047442e-01  -4.4439479e-01  -5.5937787e-01  -1.8281847e+00
   2.0000000e+00   6.2669706e-01  -5.5943743e-01   1.3399658e-01  -1.4427071e-01   5.8090142e-01  -7.7545956e-01   9.3527260e-01   1.5983030e-01  -2.8045494e+00  -2.2861316e+00
   2.0000000e+00   4.0887383e-01  -1.4284366e+00   4.0848543e-01  -2.4048270e-01   5.4702701e-01   1.9777728e+00   8.9573500e-01   7.9520441e-03   1.2792955e-01  -3.2935021e-01
   2.0000000e+00   5.0347579e-01  -5.1466593e-01  -2.9394367e-01  -1.2363207e+00  -1.2898911e-02   2.3806096e-01   1.2549715e+00  -1.1538085e+00   5.6937287e-01  -6.1412817e-01
   2.0000000e+00  -3.6338942e-01  -2.7803928e-01  -4.2272049e-01   1.3562741e+00  -9.1229233e-01  -5.2953146e-01   8.5079005e-01  -2.7702623e-01  -8.4221919e-01  -7.8447375e-01
   1.0000000e+00   4.0045734e-01   1.1494122e-01  -1.8419348e-01  -1.0145135e+00  -9.2549383e-01  -3.0029092e-02   1.0254248e+00  -1.6786330e-01   1.5979522e-01   3.6809666e-01
   2.0000000e+00  -1.1549091e+00  -1.2340859e+00  -2.2445735e-01  -1.1305779e+00   8.6073372e-01  -1.0352622e+00  -6.5114193e-01  -1.6878613e+00  -1.2179087e+00  -6.1318351e-01
   2.0000000e+00  -1.1633952e+00  -2.8543628e-01   9.4867413e-02  -5.7285849e-01   8.8599387e-02   8.1893211e-01  -1.4214057e-01  -3.1669821e-01  -1.0184412e+00  -4.6646398e-01
   2.0000000e+00   1.5889635e-01   1.4419001e+00  -5.3705819e-01   3.8377207e-01   1.0950582e+00  -7.5097934e-01  -4.3047523e-01   2.2597134e+00  -2.7110772e-02  -5.4136336e-01
   2.0000000e+00   1.3030193e+00  -1.6348129e+00  -5.4256027e-01   1.8025293e-01   1.4208467e+00  -3.6245377e-01  -7.0608475e-01  -6.6560495e-04  -6.1678852e-01   3.0869973e-01
   2.0000000e+00   1.3835574e+00   1.4694638e+00   4.5145583e-01  -2.1305793e+00  -2.0479122e+00  -3.1554795e-01  -7.4011100e-01  -2.3714137e-01  -4.8657953e-01   3.1565336e-01
   2.0000000e+00  -1.4979305e+00   1.7719429e+00   4.0140441e-01   1.7200914e-01  -2.7489770e+00  -7.3275615e-01  -4.9730678e-01  -2.1870904e-01  -7.9568957e-01   1.5706961e-01
   2.0000000e+00   1.6280237e+00   9.2166803e-02   1.4196939e+00  -3.6571029e-01  -1.1986242e+00   5.2845253e-01  -3.7473397e-01  -1.3522583e+00  -2.6605367e+00  -3.3108034e-01
   1.0000000e+00  -8.6164777e-01   2.6919987e-01  -1.5123216e-01   7.4770958e-01  -2.8378972e-01   2.7981576e-01   4.7610602e-01   7.9426055e-01   1.3571890e-02  -4.2819801e-02
   2.0000000e+00  -8.3664350e-01  -2.2005050e-01   3.3994820e-01  -9.5972989e-01   1.2358872e+00  -2.4593475e-01  -5.3487054e-01  -1.5161397e-01   1.5197867e+00  -1.3405117e+00
   2.0000000e+00  -2.1182244e-01   9.9088369e-01  -3.2100837e-01  -2.1617577e+00  -2.4950967e+00   1.6754160e+00  -3.3307787e-02   6.2721435e-01  -2.0950129e+00   4.9919633e-01
   2.0000000e+00   5.3993235e-01   8.1081375e-01  -8.1359097e-01   1.0629287e+00  -2.4654783e-01   7.9172935e-01   2.5348545e-01  -4.1505373e-01   3.5683689e-01   2.5742836e+00
   1.0000000e+00  -2.0117100e+00   4.8388344e-01  -4.8226319e-01  -2.0338113e-01   1.9724151e-01   6.5384987e-01  -1.2530851e+00  -8.0947227e-02  -3.8255237e-01   5.9449138e-01
   2.0000000e+00  -6.8432819e-01  -3.3239909e+00  -3.9387686e-01   2.4203689e+00  -6.4834791e-01  -2.9930110e-01  -8.5631599e-01  -8.6661716e-01   4.4464937e-01  -1.2305170e+00
   2.0000000e+00  -1.4069862e+00  -3.9330575e-01   3.9313528e-02  -1.8972957e-01   1.9206342e+00  -8.8567159e-01  -7.2485935e-01  -2.3793366e-01   2.9818879e-01   4.9807970e-01
   2.0000000e+00  -1.3734781e+00   1.5588580e+00   1.6516183e+00   1.5137199e+00  -2.8018531e-01   4.6908038e-01  -3.8830813e-02  -1.8675797e+00   1.2061751e+00  -7.9715439e-01
   2.0000000e+00   1.1116978e+00   3.1387729e-01  -1.4246119e+00  -6.1278431e-01  -3.6809972e-02   5.6467175e-01   1.0302444e+00   1.1369107e+00   9.7145347e-01   3.9772631e-01
   1.0000000e+00  -1.4548115e+00   3.3870238e-01   7.4726483e-01   1.2408299e+00  -3.8334881e-02  -1.2608268e+00  -6.3910008e-01   1.3925024e+00  -1.1822181e+00  -2.7827085e-02
   2.0000000e+00  -6.7932177e-01   1.9488623e+00   1.6282410e-01  -5.4294770e-01  -1.3822646e+00   5.2089763e-01  -9.6422738e-01   3.1968713e-01  -7.8558893e-01   6.4314965e-01
   2.0000000e+00  -5.7810626e-01   1.2302680e+00   1.0252912e+00  -6.0547009e-02   7.0928305e-01  -1.3541182e+00   5.8347571e-01  -5.7043848e-01  -8.7759668e-01   7.9896105e-01
   1.0000000e+00   4.6134255e-01   5.2149885e-02   3.8878478e-01  -3.7947430e-01   1.0059237e+00   1.3742803e+00   6.3632539e-02   6.8832701e-01   3.6928052e+00   9.9646750e-01
   1.0000000e+00  -1.9542833e-02   6.8176372e-01   3.9576455e-01  -2.5599319e-01   8.4441750e-01  -4.0864187e-01   2.7324335e-01  -1.0376701e+00  -3.0171765e-01  -1.0539841e-01
   2.0000000e+00   1.1050885e+00  -1.4382815e+00  -6.4520758e-01  -8.9887347e-01  -9.8622585e-02   3.0994429e-01  -8.3374712e-02  -1.0726563e+00  -7.1911208e-01   1.0763522e-01
   2.0000000e+00  -8.4355510e-01   1.5829809e+00  -5.3468302e-01  -1.3093772e+00   1.0098577e-01   5.1304340e-01   1.7196199e-01  -1.5493697e+00   9.4279235e-02   9.4592969e-01
   1.0000000e+00  -1.3759708e+00   7.5153737e-01   1.4596825e-01  -1.2371366e+00  -3.6479995e-02  -7.5774735e-01   1.6490773e-01   7.8197886e-01   1.0037116e+00  -1.2700441e+00
   2.0000000e+00   1.4153765e+00   8.0776354e-01   8.0924189e-01   3.2436158e-01   1.0146455e+00  -2.8624142e-01  -8.3010491e-01  -1.9242436e-01  -9.4526150e-01   2.6311424e-01
   2.0000000e+00  -2.0430988e-01   1.2182006e-01   1.1739240e+00   6.5413921e-01  -2.6528798e-01  -1.9617164e-02   4.9062263e-01   1.9645008e+00   1.1850450e+00  -1.1450279e-01
   1.0000000e+00  -1.9322556e-01   3.8838945e-02  -6.5912553e-01   5.4949762e-01   1.1897449e+00  -3.8903183e-01  -3.9763448e-01  -1.4923405e+00  -1.8197644e+00  -2.4000361e-01
   2.0000000e+00   7.0312522e-02  -1.8269366e+00  -1.0830878e+00  -1.5532080e-01  -1.4298561e-01  -5.9274199e-01   1.5136136e+00  -1.3632642e-01  -8.6118601e-01  -5.2313873e-01
   1.0000000e+00  -3.5368822e-01   7.5040102e-01  -4.6403860e-01  -3.5170452e-01   5.8479786e-01  -1.4405071e+00  -1.6077922e+00   6.3137957e-01   1.0307950e+00  -5.1203477e-01
   2.0000000e+00  -5.4480701e-01  -9.5019653e-01   7.9378033e-01  -4.1474909e-01   3.4726431e-01   4.1754838e-01  -2.5162089e+00  -5.2881456e-01   9.2621323e-02  -1.3118977e+00
   2.0000000e+00  -3.3040424e-01   1.5994841e+00  -1.7246116e+00  -2.3082361e+00  -7.9040127e-01   2.7409504e-01   9.7519693e-01   1.1976171e+00  -2.6038058e-01   1.4327321e+00
   2.0000000e+00  -1.9809515e+00  -1.2724386e-01   2.4796770e-01  -7.7233050e-01   2.5794080e-01  -1.3613020e+00  -2.5542005e+00   5.9465055e-01   4.9729871e-01  -8.3964209e-01
   2.0000000e+00   6.8968813e-01   1.3508912e+00  -5.4928049e-01  -7.6207888e-01   1.2840457e+00   1.5232533e+00   5.6750869e-01   3.8503898e+00  -1.5649211e-01   5.4126312e-01
   2.0000000e+00   5.5186543e-01   7.6702395e-01  -1.5567589e+00   1.5205447e+00  -7.6151771e-01  -9.1598375e-01   8.0521839e-01   1.3350467e+00   1.4387234e+00   2.7353674e-01
   2.0000000e+00   1.7608738e+00   5.1442971e-01  -8.1924236e-01  -2.5217781e-01   6.6904799e-01   4.2105541e-01   1.3858468e+00   5.4331335e-01  -1.5311322e+00   3.5470027e-01
   2.0000000e+00   1.0026011e-01  -1.2979004e-01  -2.0113178e+00  -1.0216326e+00  -3.0302008e-01  -7.6770290e-02   4.5082127e-01   3.9113851e-01   7.4834262e-01   1.6213712e+00
   1.0000000e+00  -2.4874588e-01   8.8936059e-02   4.3060891e-01   9.2769134e-01  -7.4236762e-01  -1.6097865e-01  -5.8183281e-03   1.7071155e-01   4.7375788e-01  -1.6455928e+00
   1.0000000e+00   6.9371645e-01   1.5044403e-01  -4.6082397e-01   1.2194405e+00   4.4720433e-01   2.1092416e+00  -1.2247599e+00   1.4097553e+00   3.9483780e-01  -3.5840732e-01
   2.0000000e+00  -1.6569729e+00  -2.8365605e-01   5.3179074e-01   7.8912643e-02  -5.5774030e-01  -2.3541648e+00   1.2908463e+00   8.2238441e-01   4.3943519e-01   6.3009345e-01
   2.0000000e+00  -6.0594142e-01  -2.0602316e+00  -1.3754380e+00   2.4760119e-01  -1.8716462e-01  -7.7166709e-01  -1.1639709e-01   6.1001732e-01   1.4630523e+00   5.2120688e-01
   2.0000000e+00   1.6612863e-02   2.3550717e-01  -2.4833564e+00  -3.5543772e-01   6.0790496e-01  -4.2696899e-02  -1.1705642e+00  -1.8408276e+00   3.4269920e-01   7.5198694e-01
   2.0000000e+00  -1.3698350e+00   1.4629152e+00   1.5428229e+00  -7.7996607e-01   7.3393066e-01   6.1514870e-01  -6.1120389e-01   1.6320113e+00  -5.9919581e-01  -8.8052486e-01
   1.0000000e+00   9.5731446e-02   7.3857242e-02   5.0389827e-01  -1.7285505e+00   7.3683631e-01  -1.1530869e+00   1.5954582e+00  -9.6890703e-02  -7.2676025e-01   3.4374418e-01
   1.0000000e+00  -7.9886188e-01   5.4836193e-01  -7.8544098e-02   8.0630096e-01  -1.4266594e-01  -7.5624957e-01   1.1676305e+00   6.4375037e-03   7.2537964e-01   1.2231709e+00
   2.0000000e+00  -1.0452126e-01  -1.3669768e+00   2.4426842e+00  -5.0526074e-01   9.7072444e-01  -6.1937506e-01   1.4388738e+00  -2.2902353e-03   5.0191012e-01   6.4357283e-01
   2.0000000e+00   5.7808143e-01   1.2457967e-01  -1.5581747e+00   4.7161429e-01  -7.2622001e-01   1.1904015e-01   7.2428539e-01  -9.5965126e-02   1.7387592e+00  -1.6238959e+00
   1.0000000e+00   1.4760290e-01   4.8507672e-01   2.0236020e-01   2.2981831e+00   1.8757021e+00  -9.0706860e-01   2.8137310e-01  -4.0148624e-01   2.5086209e-01   3.9322742e-01
   1.0000000e+00  -4.1013260e-01   4.2490639e-02   1.5095805e-01  -9.0870265e-01   1.5879762e-02  -1.9263915e+00  -2.3740732e+00  -1.9641706e-01  -8.9013917e-01  -1.0053015e-01
   2.0000000e+00   5.6687289e-01   2.0420977e+00   3.4010814e-01   3.5047234e-02   4.0013344e-01   8.4078057e-01   3.0926523e-01  -5.5494267e-02   1.0263463e+00   8.9592485e-01
   2.0000000e+00   1.1156435e+00  -1.1969579e+00  -3.7625238e-01   1.0717851e-01   5.1500111e-02   9.2866298e-01  -1.7471253e+00   7.4785047e-01  -5.2664673e-01  -8.1914151e-01
   2.0000000e+00  -1.0491232e-01   1.8380260e-01  -1.1797468e+00   5.2593143e-01   4.8049280e-01   1.7874006e-01  -9.1291956e-01  -8.2110723e-01  -2.2514410e-01   5.7446070e-01
   2.0000000e+00   3.2118303e-01  -2.1911752e+00  -3.8240822e-01  -8.5507664e-01  -1.1426895e+00   3.9334816e-01   1.5100753e+00  -7.0781865e-01  -2.1288056e+00  -8.2744896e-01
   2.0000000e+00  -1.1992895e+00   1.7677108e+00   5.9044446e-01  -1.0930347e+00   9.5086964e-01  -2.8947642e-01   1.7283104e+00  -1.2918682e-01   2.8273871e-01   1.3333925e+00
   2.0000000e+00  -8.2046053e-01  -1.2076019e+00   7.6492665e-01  -5.5919847e-01  -5.9752289e-01   1.2047505e-01   5.0218288e-01  -7.4713043e-01   1.2373279e-01  -7.0800707e-01
   2.0000000e+00  -2.5394296e-02  -1.0581088e+00  -7.9798963e-02   2.7135576e+00   1.1307084e+00   1.0938958e+00   5.8509262e-01  -7.3398272e-01  -2.5645869e-01   4.2352818e-01
   2.0000000e+00   1.0339119e+00   9.7442559e-01  -2.6122337e-02  -3.3497246e-01   2.5354861e-01  -4.7056445e-01  -3.6685912e-01  -2.4375654e-01  -9.0942939e-01  -3.7603207e-01
   1.0000000e+00  -1.2839908e+00   2.6364222e-01  -2.4732521e-01   1.2688780e+00   2.2439241e-01  -9.0910912e-01   1.4884156e-01  -1.6269731e-01  -2.9393316e-01   2.0609191e-01
   2.0000000e+00  -5.4746964e-01  -1.2131896e-01   6.8637401e-01   1.4698481e+00  -7.9456664e-01  -1.5397470e+00   1.2504348e-01   6.8260273e-01   5.6483283e-01   5.8432431e-02
   2.0000000e+00   9.8953532e-01  -5.2032484e-01  -1.7414209e-01  -4.9219091e-01   1.0803869e+00  -1.3313772e-01   3.3536886e+00  -2.0389657e+00   7.9278049e-01   1.5365973e+00
   2.0000000e+00   2.8370247e-01   2.0595774e+00  -9.2093965e-01  -4.0857793e-01   7.0520683e-02  -5.1831322e-01   1.0702282e+00  -4.0864449e-01  -9.5542936e-01  -6.7755023e-01
   2.0000000e+00  -1.6590721e+00  -6.5155525e-01  -1.6855825e+00  -6.3794380e-01   2.1013645e+00  -7.0908503e-01   3.8939899e-01  -4.1822835e-01  -1.1682378e-01  -1.1602917e-01
   2.0000000e+00  -2.7982243e-01  -6.5749486e-01   3.8215387e-01  -2.2298651e+00  -2.3028834e+00   5.6492292e-02   5.8127472e-01   3.5481962e-01   4.1324243e-01   1.1753843e-01
   2.0000000e+00   2.1667022e+00   8.0027584e-01  -5.2025586e-01  -4.5966283e-01   9.2342739e-02   8.5526934e-01   1.4281503e+00   9.2578541e-01  -9.0229572e-01  -2.3884875e+00
   2.0000000e+00  -4.0566600e-01  -2.6916486e-01  -1.9176567e-01   8.0539537e-01   1.5287567e-01  -5.0088931e-01  -3.6906744e-01   8.6933148e-01   3.2880723e-01   1.2833014e+00
   2.0000000e+00  -1.4658671e+00  -1.2240225e-01   4.3875319e-01   1.5408156e+00  -1.7827965e-01  -8.1151317e-01   1.4147215e+00   1.1762991e+00  -3.5133700e-01   5.7722512e-01
   2.0000000e+00  -3.2390096e-01  -2.1730117e-01  -1.0564981e+00  -9.3451923e-01  -1.6563000e-01   1.4132977e-01   2.5731288e+00   4.1593544e-01  -9.2273303e-01   4.1782466e-01
   2.0000000e+00   2.0619522e+00  -1.5631851e+00  -6.5394341e-01   7.2710561e-01  -8.7239317e-01   3.9026802e-02   3.2934970e-03   5.4492521e-01  -1.8805155e+00   1.3041281e+00
   1.0000000e+00   7.0462778e-01   4.5034596e-01   2.5613863e-01   4.1755452e-01  -7.1704427e-01  -6.6158345e-01  -2.8762323e-01  -2.7664322e-01  -6.3282550e-01   1.1506350e+00
   2.0000000e+00   1.5903276e+00   1.5456061e+00   1.2032056e+00  -4.9986769e-01   7.6647620e-01  -2.8384192e-01  -8.5054975e-01  -3.5720408e-01   6.9353362e-01   1.9573075e+00
   1.0000000e+00   2.9083040e-01   8.9560126e-02   3.8737739e-01   2.8551970e+00   8.6112130e-01  -4.2491110e-01   1.0506242e-01  -5.9475126e-01   2.0908650e+00  -6.6559813e-01
   2.0000000e+00   3.3747697e-01   1.6582519e+00  -8.9677070e-01  -6.4397140e-02  -7.2484260e-01   3.5540043e-01  -1.8283184e-01   1.0919510e+00  -4.8673381e-01   1.3238983e+00
   2.0000000e+00   2.1303132e-01  -1.7464824e-02   4.0033645e-01   4.9131579e-01  -3.5575964e-01  -3.7024050e-01   4.7978271e-01  -6.5024695e-01   6.7137756e-02  -6.1356023e-01
   2.0000000e+00  -8.1109431e-01  -1.4709742e-01  -9.1414463e-02  -5.6271889e-01   6.5746979e-01  -4.8448076e-01  -6.8007697e-01   1.6178551e+00   3.5634897e-01   2.1703106e-01
   2.0000000e+00  -5.3076801e-01  -3.7082724e-01  -1.0840301e+00   2.7954179e+00   4.3192625e-01  -3.7414067e-01   1.3555498e+00  -1.6798326e-01   9.7815837e-02  -4.4660666e-01
   2.0000000e+00   8.0322205e-01   1.2215764e+00  -8.5140463e-01  -3.8087532e-01  -5.0041403e-01  -2.3514536e-01   2.1660222e-01  -1.9348482e+00   3.0260173e+00  -8.3041576e-01
   2.0000000e+00   6.7018358e-02   1.0566320e+00  -7.2237511e-01  -3.1498614e-01  -2.0137050e-01  -3.7003798e-01  -1.6229921e+00   4.0159024e-01   1.6740503e-01  -4.9005401e-01
   2.0000000e+00  -1.3806351e-01  -8.9684470e-01  -1.6883708e-01   1.4118713e+00   1.0144272e+00   6.0602835e-01   2.2595320e-02   1.8341714e+00  -9.9561614e-01   2.7127198e-01
   2.0000000e+00  -1.7935716e-01  -2.3696116e-01   1.1187620e+00  -7.4535623e-02  -1.5386622e+00  -3.4112144e-01  -4.8379144e-01   3.0826497e-01   1.5331555e-01   3.1847271e-01
   2.0000000e+00  -9.1558074e-01  -1.6930430e+00   9.9646111e-01  -6.6328671e-01  -6.6393539e-02   1.3930499e+00   1.2794212e+00  -6.2079119e-01   2.1244779e+00   6.6617359e-01
   2.0000000e+00   3.3660546e-02   9.7278038e-01  -1.6390472e+00   4.7166861e-01   1.0062627e+00  -6.9503815e-01   4.8646994e-01   1.1550816e+00  -1.3029010e+00  -6.3582858e-01
   2.0000000e+00   5.8502070e-01  -8.4228389e-01   1.4803659e+00  -5.9197556e-01  -2.0187831e+00   1.2550266e+00   3.6900968e-01  -1.9523892e+00   2.2398712e+00   3.0028136e-02
   2.0000000e+00  -7.6206387e-01   1.7839017e-01  -1.4089557e+00  -4.7321652e-01   5.0009164e-01   7.9493740e-01   9.2411631e-01  -9.3036349e-01   8.2686399e-01   6.5073308e-01
   2.0000000e+00  -2.7126378e-01  -4.5020676e-01   3.8576554e-01  -4.9167421e-01  -1.1073694e+00   2.6094998e-01   1.1637692e+00   5.7384287e-01  -2.8921401e-01  -1.5265508e-01
   2.0000000e+00  -3.6319952e-01  -1.2494229e-03  -1.5042996e+00   2.5328053e+00  -3.2949608e-01   4.3297414e-02   1.2079227e+00   2.2497752e+00  -1.4552712e+00   3.0648719e-01
   2.0000000e+00   7.3037137e-01   1.6085229e+00   1.4325058e-01   1.1176763e+00   7.4210399e-01   3.4000927e-01   4.0980777e-01   2.5281279e+00  -4.5538630e-01  -1.2933971e+00
   2.0000000e+00  -8.3710001e-01  -6.6902913e-01   3.5592542e-01  -1.4728432e+00  -1.1988203e+00  -4.2899164e-01   6.3556226e-01   7.3502262e-01  -5.7162995e-01  -4.8015606e-01
   2.0000000e+00   3.2531634e-01   1.6556361e+00  -8.7147817e-01  -2.0629874e-01   1.2737267e+00  -9.4233343e-01  -7.4521201e-01   6.1854222e-01   7.5307110e-01   1.0120989e+00
   1.0000000e+00   5.8240544e-01   1.5201321e-01  -3.9511722e-01  -1.8381398e+00   8.5788035e-01   9.9375800e-01  -9.7232102e-01   1.3653484e+00   7.6424336e-01   3.0813854e-01
   2.0000000e+00  -1.3589154e+00   2.3003333e-01   5.3034869e-01  -2.6985127e-03   2.8465371e+00   1.0592765e+00   8.7074030e-04  -1.9887760e+00  -1.2971308e+00  -1.2335353e-01
   2.0000000e+00   3.6115878e-01  -2.9731682e-01  -1.6269895e-01   2.7508101e-01   3.6956851e-01   4.6091703e-01   3.1930447e-01   8.6599661e-01  -3.4154383e-01   9.8202404e-01
   2.0000000e+00  -8.4365341e-01  -1.4242588e+00  -6.8595276e-01  -8.6067827e-01  -1.5878682e+00   8.9207177e-01   1.3826693e+00  -1.2917802e+00   4.6570458e-01  -6.5027275e-03
   1.0000000e+00  -2.0361139e+00   5.7552561e-01  -2.0684525e-01   4.9904184e-01  -2.7991443e-01   1.0683396e+00  -7.7871146e-01  -9.4162535e-01  -3.6978086e-01  -1.4205366e+00
   2.0000000e+00  -1.1331136e+00  -6.8912213e-01  -1.2071873e+00  -1.9909335e+00  -1.2960497e+00   8.9459972e-01  -6.8133059e-01   8.4067986e-02  -8.6857850e-01   1.7795427e+00
   2.0000000e+00  -2.1426481e-01   1.3638512e+00   2.1453531e-01  -5.3237960e-01  -6.2267085e-01   3.6847952e-01  -1.9284691e-02  -1.2012839e+00   5.2043177e-01  -1.9618441e+00
   2.0000000e+00  -7.4808020e-01   7.2841928e-01  -1.4942611e+00  -9.6557257e-01  -4.7763622e-01   6.8345251e-01  -1.4992239e-01  -1.5454584e-01  -7.3128015e-01  -5.4267119e-01
   2.0000000e+00   1.3222173e-01  -1.0479901e+00  -4.8093778e-02  -2.6516765e-01   1.7322637e+00   7.9148886e-01   7.5185310e-01  -1.8943113e-01  -1.1503877e+00   9.6020963e-01
   2.0000000e+00   1.4008375e+00  -4.9864454e-01  -4.7989603e-01  -2.6175431e-01   1.9942881e+00  -1.5192452e+00  -9.4675210e-01  -1.1508016e+00  -6.1952863e-01  -2.6100600e-01
   1.0000000e+00  -1.0471985e+00   5.3945321e-01  -7.1109190e-01   1.8603960e-01   3.9813573e-01   9.0890849e-01  -1.8942171e+00   3.9586243e-01  -2.9685354e-01  -5.6112125e-01
   2.0000000e+00  -8.2487091e-01   3.3851818e-01   1.3107654e+00  -2.3353043e-01   1.1724698e+00   1.2583488e+00   7.3375856e-01   8.2152818e-01   2.1587030e-01  -4.9716225e-01
   2.0000000e+00  -3.7958018e-01  -4.5299747e-01   4.3924877e-01   2.5134791e+00   6.4442769e-01   9.6268739e-01   1.1482369e+00  -6.9697883e-01  -2.5434963e+00   3.2057322e-01
   2.0000000e+00   2.2698769e-02  -5.3120129e-01  -2.4003221e-01  -2.5210421e-01   1.1355253e+00  -3.9097857e-01  -2.0627489e+00  -6.7683761e-01  -1.6910400e+00   1.4035906e-01
   2.0000000e+00  -9.6434252e-01   1.0581821e+00  -1.3481589e+00   1.0953807e-01  -4.2882717e-02   5.6115794e-01   1.1599970e+00   1.5066622e+00   1.3426011e-01  -8.1921441e-02
   2.0000000e+00   4.3839725e-01  -1.5748634e+00   1.0627501e+00   4.6622876e-02   7.8536349e-01   4.3914798e-01  -6.0392950e-01   1.1483218e-01   9.1635963e-01  -2.7784429e-01
   2.0000000e+00   4.4606933e-01  -9.3745325e-01  -8.2256043e-01   2.8535356e-02  -6.2189824e-01   8.8273794e-02  -8.2876179e-01  -5.6361469e-01   5.6295745e-01   2.7459709e+00
   2.0000000e+00  -1.3509492e+00   1.6870850e-01  -1.5573758e+00  -6.7396155e-01  -1.4632595e+00   1.4151490e+00   8.8053987e-01   2.3099231e-02  -6.7421654e-01  -8.1880868e-02
   2.0000000e+00  -6.8002969e-01  -2.7958771e-01  -5.6864750e-01   1.7361086e+00  -4.2172996e-01  -5.8147612e-01  -7.3067329e-01   3.1497217e-02  -1.2766070e+00  -8.2228587e-02
   2.0000000e+00   3.3240318e+00   1.4971495e+00   2.6630726e-01  -6.4254196e-01  -1.0805297e+00  -1.2659593e+00   8.6896487e-01  -1.5667234e+00   1.8990684e+00   1.1299953e+00
   2.0000000e+00   7.5410948e-01  -7.5986293e-01  -1.1747774e+00  -2.2263599e-01  -6.8539505e-01  -8.0362664e-02   6.5361978e-02   2.8382285e-01  -4.8764327e-01   2.3820864e-01
   1.0000000e+00  -1.1379039e+00   1.9803280e-01   6.3821218e-02  -7.9958216e-01   1.5567635e-01   6.1849245e-01  -2.6138316e-01   1.7678129e+00   1.4738140e-01   1.3048124e+00
   2.0000000e+00   8.2008279e-01  -1.6243242e+00   5.2521339e-01   1.1947820e+00   1.3201760e+00  -1.7470012e+00  -3.0065945e-02   1.2625799e-01   1.7156453e-02  -7.9844795e-01
   2.0000000e+00   4.0714897e-01   2.1966149e+00  -2.6243128e-01   1.1432790e+00   1.2800985e+00   3.0331451e-01  -8.4643481e-01  -1.0481409e+00   4.1449540e-01  -6.8816074e-02
   1.0000000e+00   1.3010666e+00   4.5291809e-01  -5.5176953e-01  -2.1935014e+00   5.3485681e-01   3.5185869e-01  -6.7741189e-01  -1.3078246e-01   3.5599202e-01   1.5491982e-01
   2.0000000e+00   5.3176426e-01  -3.3642873e-01  -7.6792935e-01  -1.3373400e+00   6.2013378e-01  -3.8067214e-02  -1.0874823e+00  -2.7110859e-01   1.3206039e+00  -7.6595262e-02
   2.0000000e+00  -1.2604383e+00   1.1397599e+00  -1.0648022e+00   1.6384295e+00   1.4178596e+00   1.4997381e+00   2.1884389e-01  -1.1638081e+00   2.0863336e+00   8.2988112e-01
   2.0000000e+00   1.4797114e+00  -3.8913000e-01  -9.6558804e-01  -1.0566798e-01  -1.2366242e+00  -1.0486089e+00  -1.1740993e+00  -1.0241932e+00  -5.2602980e-02  -5.6251190e-01
   1.0000000e+00  -8.1269981e-03   4.6324537e-01  -2.3877351e-01  -2.5325190e-01   1.4580548e+00  -9.7124796e-01   2.3411798e-01  -1.5051978e+00  -3.5567238e-02  -2.6804563e-01
   2.0000000e+00  -9.2690232e-01  -1.2399047e+00   5.6694669e-02  -1.9272278e-01   6.5991270e-01  -5.9317090e-01   1.5246141e+00  -2.3591670e-01   2.0237834e-01   1.0496321e+00
   2.0000000e+00  -1.4357856e+00   7.8472094e-02  -1.3191625e+00   1.1593212e+00   5.7090953e-01   9.1613407e-01  -7.0467252e-01  -3.3670283e-01   1.1555562e+00  -8.8685430e-01
   2.0000000e+00  -4.9344876e-01  -9.9834675e-01  -3.8544133e-01   1.5349455e-01   9.9477598e-02   2.5508243e-01  -8.4989817e-01  -5.4538986e-01  -8.7193645e-03   7.9559663e-01
   2.0000000e+00   1.2441161e+00  -8.8421745e-01   1.1469511e+00   2.0751650e-01  -6.3370625e-01   5.7202211e-01   5.4851742e-01  -2.1423902e+00  -1.8228179e+00  -1.9429038e-01
   2.0000000e+00  -4.9513490e-01  -5.3996147e-01  -1.6095676e+00  -3.6240004e-01   5.8337613e-01  -1.0063361e+00   1.3338706e-01  -7.4412879e-01   3.9092839e-01   7.7821955e-01
   1.0000000e+00  -5.9374708e-02   2.9838950e-01  -2.5094350e-01   5.2975967e-02   2.6707091e-01  -1.6598010e+00   9.4019183e-02   3.7395260e-01   8.3217719e-01  -6.1236429e-01
   2.0000000e+00   9.9710437e-02  -5.6968137e-01  -9.9233480e-01  -2.6331113e-01  -5.8162507e-02  -1.4437300e+00   8.3089816e-01   6.6118050e-01  -1.2571067e+00  -1.4472587e-02
   2.0000000e+00  -1.0620906e+00   7.8966500e-01  -5.9019120e-01  -2.5760391e-01   1.1999162e+00   1.6182462e+00  -2.6868916e-01  -2.1987894e-01  -4.7949123e-01  -9.3371315e-01
   2.0000000e+00  -1.4684781e-01  -1.2531305e+00  -3.3802679e-01  -7.5447003e-01  -1.0371381e+00  -7.0135430e-01   1.6999876e+00   7.4486355e-01   5.2665994e-02  -9.6297282e-02
   2.0000000e+00  -3.0083818e-01  -7.6273848e-01   4.4070503e-01  -6.3748315e-02  -4.1276332e-01  -3.6073593e-01  -5.2668930e-01   4.8120648e-01  -1.3119641e+00  -1.2620511e+00
   2.0000000e+00  -4.4564166e-01  -1.0578030e+00  -1.2057224e+00  -9.6410065e-01   8.5776705e-01   9.8525557e-02   2.4540102e-01  -7.1994771e-01   1.4079966e+00   1.6337049e+00
   2.0000000e+00  -1.5728371e+00  -1.6162570e+00   4.2331242e+00   3.0997336e-01  -9.7628773e-01   9.6336052e-02  -1.0740830e+00   2.9162318e-01  -5.9176292e-01  -3.3488574e-01
   2.0000000e+00  -4.7284698e-01  -2.1452015e+00  -2.7293664e-01  -1.5046652e+00   5.1299080e-02  -2.6172074e-01  -2.3148048e-02   1.1164273e+00   1.5830958e+00  -8.7187351e-01
   1.0000000e+00   1.3224523e+00   2.9440317e-01   8.0882330e-01  -2.4023701e+00   5.7766808e-01   2.1235849e+00  -7.0417036e-01   4.7808373e-01   1.0192038e+00   4.8010249e-01
   2.0000000e+00   7.9859476e-01  -3.0578181e-01  -7.2855280e-01   4.8308304e-01   1.3032009e+00   1.1538861e+00   8.1089919e-01   1.3833936e+00  -1.4489021e+00  -2.5671477e-01
   2.0000000e+00   2.6927756e-01  -2.1338669e-01  -2.8491634e-01   1.4159007e+00   5.6470097e-01  -5.1507975e-01   6.4785216e-01  -1.5604611e+00  -1.3763966e+00   2.4251242e-01
   2.0000000e+00   1.1064219e+00  -4.0896359e-01   3.3127965e-01  -5.0344851e-01   2.4026596e-01  -8.4694882e-01  -2.3340993e+00   9.9419357e-01  -1.0108159e-01  -1.2891009e+00
   2.0000000e+00   7.7390893e-01   1.2910955e+00   2.4951193e-01   1.2141051e+00  -1.9213628e+00   5.9493988e-01   6.9429968e-01   6.1328160e-01   1.3891715e+00   1.4764443e+00
   2.0000000e+00  -1.1667356e+00   2.9621021e+00  -7.9562049e-01  -3.6945141e-01  -1.0357138e-02  -5.1524934e-01   1.0408388e+00   1.6278249e+00  -4.0695743e-02   1.8634386e-01
   2.0000000e+00   1.1931289e+00  -1.4896411e+00   1.0576310e+00   1.5320894e+00  -1.5006782e+00   2.6269167e-01   3.5451583e-01  -8.4851743e-01   3.1526222e-01  -3.2954168e+00
   1.0000000e+00  -1.7017096e+00   5.8611111e-01   1.2001874e-01  -6.2303242e-01   3.1583729e-01   4.2074776e-01   6.9609278e-01  -2.1189708e+00  -1.4207145e+00  -1.3723068e-02
   2.0000000e+00   2.3367310e-01  -6.9567649e-01   1.2686619e-01   1.8628403e-01  -1.7958433e+00   1.1233130e+00  -1.5297028e+00  -2.3418017e-01  -3.0567772e-01  -1.1606581e+00
   2.0000000e+00  -1.3234528e+00   5.1452562e-01   2.1777641e+00   2.0212240e+00   4.8086489e-01   9.0453797e-01  -9.9632608e-01   1.7478903e+00   4.6262258e-01  -7.9923109e-01
   2.0000000e+00   6.2673295e-01   5.5636406e-01  -2.0530274e-01  -5.6076063e-01  -2.1873077e+00  -1.6989956e+00   1.0756694e+00   1.1453912e+00   1.4373026e+00  -9.9783871e-01
   2.0000000e+00   1.0706995e+00   2.1940892e-01   4.5807577e-01   1.5197647e-01  -2.4033789e+00   8.1184668e-01   5.1067876e-01  -2.5056420e-01  -5.9567976e-01  -8.3598669e-01
   2.0000000e+00  -1.4479204e+00   1.6137207e+00  -5.8299160e-01   3.6469215e-01   1.0227581e+00   9.8062517e-01  -4.1834723e-01  -6.7552941e-01   1.4411429e+00   3.8503197e-01
   2.0000000e+00  -4.7788231e-01   1.5136271e+00  -1.1016062e+00  -3.9248280e-01  -6.7739862e-01  -4.4622501e-01  -5.7452992e-01   1.2344640e+00   9.8199222e-01  -9.6037940e-01
   2.0000000e+00   8.3550927e-01   8.9036078e-01  -5.0076948e-01   9.2934019e-01   9.9708553e-01   9.0756193e-01  -1.7824417e+00   1.9243357e+00  -7.3469009e-01  -9.1499264e-02
   2.0000000e+00  -6.1264135e-01   6.6706198e-01  -9.3796935e-01   3.1722090e-01  -2.7257839e+00  -4.2523507e-01   5.0138423e-01  -2.9532151e-01  -1.0818658e+00  -5.5697578e-01
   2.0000000e+00   6.4616241e-01   9.2987194e-01  -1.9045211e+00   3.8613028e-01   8.2212295e-01  -9.9642930e-01  -4.9279892e-01   4.5690139e-01  -1.2227987e+00  -1.0545653e+00
   2.0000000e+00   4.1548007e-01   7.6104339e-01   1.7471293e+00   9.8953316e-02   8.2398072e-02   4.6246412e-01   9.1490848e-01   8.6558369e-01   1.7311877e+00   1.2416234e+00
   2.0000000e+00   7.5874494e-01  -8.4877933e-01   7.1604698e-01  -9.6135431e-01  -1.9934726e+00  -2.9290320e-01  -7.5592105e-01   2.5911990e-01   8.4678511e-01   7.7337901e-01
   2.0000000e+00   1.1888857e-01   1.0661856e+00  -1.6012873e-01  -1.5086594e+00   2.1653912e-01   5.3347237e-01  -1.5315471e-01  -1.4303062e+00  -1.4423857e+00   2.1415785e-01
   2.0000000e+00  -3.8047483e-01   4.2646176e-01  -1.7466908e+00   1.3747546e+00   2.8626843e+00   4.2616743e-01  -1.3956887e-01   2.7572723e+00  -2.4303361e+00  -5.4918385e-02
   1.0000000e+00   1.0851533e+00   1.6091358e-02  -1.4198797e-02  -9.0268678e-02   2.7308310e-01   6.1600812e-01  -1.2690217e+00   1.2574907e+00  -1.6305157e+00  -1.8711387e-01
   1.0000000e+00  -6.3518936e-01   3.1966269e-01  -1.4176134e-01  -4.0671051e-01   5.7105477e-02  -1.6846010e+00   2.4453794e+00  -1.0916117e+00  -2.9454643e-01   6.8070628e-01
   1.0000000e+00  -2.6941665e-01   3.0069652e-01  -5.7176313e-01   1.4028977e+00  -6.8992178e-01  -8.5465109e-01   6.0745849e-01  -4.5017201e-01   5.0311877e-01  -1.3580546e+00
   2.0000000e+00   9.8902842e-02  -8.1641822e-02   5.4601198e-01   4.7553540e-01  -1.5190261e-01   1.7805487e+00   4.1658730e-01  -1.6737381e+00  -4.2328721e-01  -1.0943842e+00
   2.0000000e+00  -3.0341746e-01  -7.1736950e-01   7.2704960e-01  -1.1083641e-01   3.9751358e-02  -4.3130262e-01   1.6062421e+00  -4.6355937e-01  -5.5653646e-01   5.5657631e-01
   2.0000000e+00   1.7191750e+00   7.2634819e-01  -6.6543894e-01  -4.6223550e-01  -1.0685361e+00   2.5865571e-02   2.2563533e+00  -1.0884551e+00   1.7671044e-01   4.0640071e-01
   2.0000000e+00   1.8803566e+00   9.6646114e-01   1.7580600e+00   1.0080321e-01   1.5762364e+00   2.2527821e-01  -1.4207572e+00  -8.3688299e-01   7.0325117e-01  -2.3803415e-01
   2.0000000e+00   5.8831791e-01  -9.6067795e-01  -2.3658763e-01   2.7278715e-01   6.4986675e-02  -2.1846775e+00   1.2606707e+00  -9.0536643e-01   4.6733794e-01  -1.3378948e+00
   2.0000000e+00  -8.9020671e-01  -1.3672452e+00  -4.3770963e-01   4.9842917e-01  -1.0597091e+00  -7.2895183e-01   4.5743077e-01  -2.9624706e-01   1.3540399e+00   1.6528473e+00
   2.0000000e+00  -7.5264555e-01  -6.4606316e-01  -1.0018841e+00   3.5196459e-01   5.1302260e-01  -9.2283352e-02  -1.5120259e+00   5.4387839e-01  -7.9534246e-01   1.8596391e+00
   2.0000000e+00   7.4565715e-01  -1.1490767e+00  -1.0174900e+00  -1.8229275e-01   2.5386020e-01  -2.4664540e-01  -1.7435951e+00  -1.7554243e+00   1.1893546e+00   1.6152739e+00
   2.0000000e+00  -1.8636851e+00  -1.5600697e-01  -1.0263808e+00   5.2463627e-01   1.1376400e+00  -8.8645572e-01   6.4813609e-01   2.3210206e-01   5.4643744e-01  -8.5220706e-01
   1.0000000e+00  -2.7058271e-01   6.0818258e-02   6.8818593e-01   9.6797604e-01   2.9851963e-01   2.3614962e-01  -3.6287563e-01   2.6059072e-01   4.1555461e-01  -5.9494812e-01
   2.0000000e+00   1.2721214e+00  -1.6166740e-01  -2.6191133e+00  -7.4256296e-01   1.3210311e-01  -5.0145941e-01  -2.2505974e-01  -3.9925485e-01  -2.2512813e-02  -8.4790584e-01
   2.0000000e+00   6.5614969e-01   3.7217485e-01   1.7047378e+00  -2.5578882e-01  -4.0937864e-01  -9.8089479e-01  -4.0622358e-02   2.9417964e-01  -1.2560398e+00  -4.8450732e-01
   2.0000000e+00   1.6448747e-01  -5.5622520e-01  -6.3660097e-01  -2.8873843e-01  -1.9076019e+00   6.8337021e-01  -1.1259813e+00   1.3032972e+00  -7.3324765e-01  -8.9893022e-01
   1.0000000e+00   5.3156761e-01   7.5298170e-01  -2.1394600e-01   9.3599419e-01   8.0488272e-01   2.1820572e+00   1.1543488e+00  -9.5041133e-02  -1.7994065e+00   7.6328093e-01
   1.0000000e+00  -1.0178204e-01   5.0124335e-01   3.1442464e-01   3.5595673e-02  -1.4586684e+00  -5.7573991e-01   4.2134523e-01   5.1951585e-01  -1.1393865e+00  -1.9352860e+00
   2.0000000e+00  -7.2234947e-01  -6.1106926e-01   5.3488601e-01   1.3165110e+00   1.4477484e-01   8.0579164e-01   8.2871900e-01  -2.0527978e+00  -6.7338329e-01   1.6461972e+00
   2.0000000e+00  -6.7338078e-01   6.3195843e-01   1.0116830e+00   8.7675445e-01  -1.1773833e+00  -7.6589051e-01  -7.3087953e-01  -4.2611405e-02  -5.2027416e-01   2.4605163e-01
   2.0000000e+00  -1.2574650e+00   5.5385379e-01  -9.5537036e-01   4.7609492e-01   9.7423712e-01   1.4619020e+00   6.1253043e-01  -4.0753826e-01   1.3918752e+00  -2.6672964e+00
   1.0000000e+00   2.3625986e-02   1.9186057e-02   6.7033824e-01  -1.5752530e-01  -5.9688458e-01  -1.1406932e-01  -6.0277054e-01   7.7908409e-01  -7.3787358e-01   5.5373104e-01
   2.0000000e+00  -4.7087552e-01   1.2410097e+00  -9.5052443e-02  -4.0203029e-01  -9.0057460e-01  -3.9479534e-01   9.8579582e-01   7.6083214e-01  -1.3011461e+00   1.7919051e+00
   2.0000000e+00   7.9874571e-01  -1.4744841e+00  -2.0140732e-01  -2.2255560e+00  -9.6676220e-01  -3.6955758e-01  -4.4655472e-01   1.6855115e+00   1.5954888e+00   1.6697888e+00
   2.0000000e+00  -9.3164119e-01  -6.7486314e-01   3.5022094e-01   3.6655194e-01   1.3206199e+00   2.6905191e-01  -1.2550833e+00   3.1751510e-01   1.0132387e-01  -2.8266806e-01
   2.0000000e+00  -1.1565495e+00  -1.1135089e-01   9.7205953e-01   2.7349449e-01  -1.5720658e+00  -8.3027098e-03  -7.4087949e-01  -4.9826405e-01  -3.2711726e-01  -1.7833334e+00
   2.0000000e+00   7.1858545e-01  -9.1746713e-01  -2.6840773e+00   1.0818704e+00   9.9731933e-01   1.7888678e+00  -7.9277614e-01   5.0406178e-01   4.8166947e-01   1.9103944e-01
   2.0000000e+00   7.3700518e-01  -5.6408862e-01  -1.3251076e+00  -1.6058526e+00  -1.0034024e+00   6.9764598e-01   4.4352395e-01   1.4416998e-01   1.0617648e+00  -8.8332876e-01
   2.0000000e+00   2.0571228e+00   2.5672245e+00  -7.0357103e-01  -7.0313288e-01   3.6592050e-01  -1.5588880e-01  -8.8456967e-01   1.5916079e-01   1.3424260e+00   3.1831458e-02
   1.0000000e+00   2.1895602e+00   2.9080853e-01  -5.2702177e-01   1.7405734e+00   1.6852585e+00   1.1288151e+00  -1.2759672e-01  -1.6219141e-01   5.0027349e-01  -1.7920977e+00
   1.0000000e+00   1.4109309e+00   1.9267505e-01   1.3963823e-01  -1.6657841e+00  -6.4010246e-01  -1.0826383e+00  -1.0573333e+00   1.3686775e-01   1.0324480e+00   1.2478306e+00
   2.0000000e+00  -8.8985182e-01   1.1113004e+00  -2.0371190e+00  -1.1983748e+00   4.0345718e-01   1.0766173e+00  -1.3301991e+00   8.7117177e-01  -3.0918110e-01   1.3204852e+00
   2.0000000e+00   8.4478767e-01  -1.1661180e+00  -9.2619443e-02  -7.2741718e-02   1.1209103e+00   4.7689760e-01   8.9584099e-01   1.7595481e+00  -1.5452916e+00  -1.0091850e+00
   2.0000000e+00   5.0078996e-01  -1.8603508e-01   1.5123072e+00  -6.2606262e-01   6.5157860e-01  -7.3405498e-01  -1.8778572e-01  -6.3063143e-02  -3.1741158e-01   6.2703203e-01
   2.0000000e+00  -1.7320614e+00   3.4820721e-01   8.5822211e-01  -7.7906125e-01  -4.3985415e-01  -1.4821579e+00   8.5306045e-01   1.2730738e+00  -1.1476342e+00  -4.7280380e-01
   2.0000000e+00   5.1353770e-01  -9.1238427e-01   4.3732587e-02  -7.3267638e-01   9.3338827e-01   2.7056303e+00   2.7661877e-01   1.0435698e+00   1.4945739e+00  -7.8368529e-02
   2.0000000e+00   8.9860120e-01   1.1572082e+00  -1.4077809e-01   4.0109964e-01   7.7547900e-01  -3.1335707e-01  -3.1357772e-01   1.2708484e+00  -2.7714080e-01   5.4037389e-02
   2.0000000e+00  -3.5734423e-01   6.6181363e-01  -7.3838796e-01  -1.6012927e-01   6.2051281e-01   5.4034123e-01  -6.8536900e-01   1.0785470e+00   1.8063962e-01  -1.3519450e+00
   2.0000000e+00   1.3565911e+00  -1.2339587e+00  -2.3044876e-01   7.0327530e-02   1.1179886e+00  -1.3821533e+00  -2.0774818e+00  -3.7409714e-01   2.5057705e+00   1.0347789e-01
   1.0000000e+00   4.9268652e-01   8.1170785e-01  -1.6700854e-01   1.7466842e+00   7.3323158e-01   1.6619659e+00  -1.9696723e+00   1.1156300e+00  -1.1875464e+00  -6.2900087e-01
   2.0000000e+00   1.3419997e+00  -1.5328010e+00   7.7248563e-01   2.2209687e+00   9.3514016e-01  -7.5880571e-01  -2.0088719e-01  -7.4051104e-01   6.0596078e-01   4.4790877e-01
   2.0000000e+00  -1.6328887e+00  -7.9839248e-01  -1.7198645e-01   1.4746109e-01  -9.5429036e-01  -1.6680923e-01   4.1966571e-03  -1.4047575e+00   6.5773258e-01   3.2302857e-01
   2.0000000e+00  -6.7494315e-02  -8.4282973e-01   1.4071002e+00  -6.9888482e-01   1.9132811e+00   7.6282028e-01  -1.1530902e+00   3.1385151e-01  -9.4577199e-01  -1.5334506e+00
   2.0000000e+00  -1.5733068e+00   1.0342118e+00  -4.2828754e-01  -1.3512359e+00  -2.1108911e-01   7.3454766e-01   3.4872411e-01  -1.3299280e+00  -1.2448384e+00   1.5905294e+00
   1.0000000e+00  -5.1673623e-01   1.4224899e-01   6.5517602e-01   4.9320026e-01   1.3632695e+00  -1.9322706e-01  -7.6421423e-01  -3.7170034e-02   7.0411573e-01   2.3103323e-01
   2.0000000e+00  -1.8774091e+00   9.8753969e-01  -1.0574162e+00  -2.2015209e-01  -4.9337601e-01   1.3909427e+00  -5.1527415e-02   7.1753253e-01   1.4526419e+00  -1.4660930e+00
   1.0000000e+00   3.9264521e-01   1.4805724e-01   5.1810894e-01   2.1001179e-01  -1.1844884e+00   4.7506127e-02   1.1311621e+00   7.8472438e-01   1.3240877e+00  -8.8842459e-01
   2.0000000e+00  -9.7703133e-01   1.9392302e+00  -4.1281491e-02  -2.0450996e+00  -1.2300843e+00  -5.9554274e-01  -5.2294786e-01  -1.2532421e+00   1.3195461e+00  -8.5479590e-01
   2.0000000e+00   3.6137977e-01   1.8137044e+00   1.0353043e-01   1.8667985e-01  -6.8833801e-01  -1.6547890e+00   1.0142619e+00   6.4711234e-01  -7.5481069e-01   7.5820596e-01
   2.0000000e+00   8.3638151e-01  -6.8535229e-01   9.1096616e-01  -5.7914987e-01   2.0310160e+00   2.5747650e+00   9.6298958e-01   3.2178256e-01  -5.0017867e-01   1.1707195e+00
   2.0000000e+00   1.3640754e+00  -4.8696138e-01   8.9008946e-02  -4.5609664e-01  -8.9824976e-01   3.0087884e-01   2.4495486e+00   2.5205666e-01  -5.7132393e-02   1.1497969e+00
   1.0000000e+00   7.1758995e-01   9.0167933e-02   2.8195648e-01   1.6884302e+00   3.1953803e-01   4.5244625e-01   1.3354085e-01   8.4288053e-01  -9.6630410e-01  -3.5212005e-01
   2.0000000e+00  -4.7551333e-01  -1.8488546e-01   1.6119255e+00  -2.7266708e-01   1.5287768e-02   2.6104968e+00  -5.0786871e-02  -9.7206318e-01  -2.7865786e-01   1.3791286e+00
   2.0000000e+00  -3.4986016e+00  -5.4954443e-01   1.3197146e+00  -1.3684058e+00  -1.4463431e+00   1.0335926e+00  -1.4093765e+00   2.3038375e+00   2.7923239e-02   6.8958116e-01
   2.0000000e+00  -4.8422615e-02   3.0623824e+00  -3.5195195e-02  -1.2519095e+00  -3.7518858e-01   1.7470596e-01  -1.6775449e-01   4.6664696e-01   3.6345845e-02   1.0761310e-01
   2.0000000e+00   4.6223032e-01   1.4119555e+00   2.2470151e-01   5.9306572e-01  -3.7444252e-02  -5.9765955e-02  -9.7374711e-01  -1.0757756e+00   8.2536995e-01  -1.3606299e+00
   2.0000000e+00  -1.0379941e+00   1.8855264e+00   4.6167563e-01  -2.7806634e-03   4.5256424e-01  -5.1110356e-01   1.7886209e+00   2.0179822e-01  -1.0289683e+00   1.1790091e+00
   2.0000000e+00   1.3905661e+00  -5.7716257e-01  -2.8336092e-01   3.4996638e-01   1.1393042e+00   1.0529431e+00   1.4875227e+00   2.5817609e-01   1.2432216e+00   2.0125351e-01
   2.0000000e+00   6.8664483e-01  -1.4912136e-01   2.1800698e-01   5.6174831e-01   1.5266975e+00  -6.8253653e-01  -2.9051215e-01   1.3783150e+00  -2.9947614e-01   9.0987219e-01
   1.0000000e+00   7.6968241e-01   4.1390669e-01  -9.3287083e-02  -5.0453556e-01  -8.1863324e-01  -6.7867586e-01   3.6950539e-01   9.5210163e-01   1.1575360e+00  -1.5390518e-01
   2.0000000e+00   7.4572061e-01  -1.1084946e+00  -4.2118482e-01  -1.2731940e+00   2.0103976e-01  -3.7964057e-01  -7.1814254e-01  -1.1431311e-01  -5.7443098e-01   8.8905308e-02
   2.0000000e+00   1.1153322e+00   8.3834234e-01   4.3746354e-01  -9.4113848e-01   6.7781115e-01  -6.6381121e-03   5.6702715e-01   4.5566102e-01   2.7405831e-01   1.0720368e+00
   2.0000000e+00  -1.8169434e-01   7.0089925e-02  -1.0713942e+00  -8.1929379e-01  -1.3830156e+00  -2.2956337e+00  -5.3135414e-01  -1.0135215e+00  -2.0232470e-01   1.1703178e+00
   1.0000000e+00  -9.6716977e-01   7.1354104e-01   1.6836475e-01   4.8436270e-01   9.7282129e-01  -1.1738576e+00  -1.1637759e+00  -8.3538411e-01  -7.8200304e-01   1.3457462e+00
   2.0000000e+00  -9.6103696e-01  -1.0365558e+00   1.3398530e+00   2.8353009e-01   1.1918207e+00   5.6534641e-01  -8.0159662e-01  -7.6318694e-01   1.1531458e+00   1.5863949e-01
   2.0000000e+00  -3.9145440e-01  -1.2900274e+00   1.0140274e+00   1.0706777e+00   5.7944690e-01  -6.8234716e-01  -8.3528273e-01   9.6611473e-01   3.5050818e+00  -3.2058856e-01
   2.0000000e+00   6.6811391e-01   6.9056473e-01  -1.5621018e+00  -5.0051071e-01   1.0173371e+00  -2.2645123e-01  -1.4948710e+00   2.4984908e-01   1.1048997e+00  -7.7386736e-01
   2.0000000e+00  -9.2222649e-01  -1.0832612e-01   3.0514723e-01  -9.9320046e-01   1.1752770e+00  -2.1536722e+00   7.1490145e-01  -7.6435693e-01  -4.3884226e-01   1.3690952e+00
   2.0000000e+00   7.4239769e-02  -1.3795282e+00  -1.2955967e+00   1.2794995e+00   2.5270718e-01  -1.5873092e+00   1.4382859e+00  -1.4071778e-02  -5.7303153e-03  -8.5474057e-01
   2.0000000e+00   1.9997731e-01  -2.8620438e-01   8.0457403e-02  -8.9665521e-01   4.8821133e-02   6.1609645e-01  -1.1517446e+00  -2.2761768e-01   1.1836563e+00  -6.4612975e-01
   1.0000000e+00  -4.3891884e-01   5.6255072e-01  -2.0932330e-01   4.2033936e-01  -8.7193083e-01  -7.4134086e-01   9.4111710e-01  -1.4370601e+00   3.4444119e-01  -2.0924125e+00
   2.0000000e+00   1.5928038e-01  -4.5039663e-01   1.8171228e+00  -2.7555118e-01   8.1878910e-03  -2.0698460e+00  -4.2651446e-01   6.6222166e-01   5.1930175e-02  -1.1907811e-01
   2.0000000e+00   2.0671304e+00  -5.4714787e-01  -4.2983119e-01   4.0047442e-01   1.3799739e-01   8.9603944e-01  -1.9628609e+00   4.1470487e-02  -7.3063370e-01   1.9526142e+00
   2.0000000e+00   5.4263214e-01  -1.9042051e-02  -7.3680630e-02  -2.2906089e+00  -3.9894867e-01   3.1836366e-01  -2.4259035e-01  -2.3855284e-01   2.1108969e-01  -5.1384706e-01
   2.0000000e+00  -7.4123546e-02  -1.1495064e-01   6.6532526e-01  -1.1703444e+00  -1.0941402e+00   1.5648500e+00   1.6544071e+00  -1.0795351e+00  -1.6754877e+00   8.0265639e-01
   2.0000000e+00  -4.8361637e-01  -2.8944767e-01   5.8173960e-01  -3.8509429e-03  -6.7870705e-01  -1.7149541e+00   1.0895412e+00  -3.2548320e-02  -2.4111597e+00  -1.0582628e-01
   2.0000000e+00  -6.2614172e-01  -1.8390208e-01  -3.6098532e-02   1.1003923e+00   2.6420423e-01  -3.3380657e-02   1.1934660e+00   1.5796376e+00  -2.1269500e+00  -1.2862294e+00
   2.0000000e+00  -9.2748872e-01  -1.1945448e+00   9.4129945e-01   1.5302313e+00   9.8964740e-01   4.2481944e-01   3.8882995e-01  -3.5266414e-01  -8.5575946e-01   2.7808827e-01
   2.0000000e+00   2.4641887e-01  -1.1273537e+00   6.9937651e-01   1.8377899e+00   1.2182156e+00   1.1657671e+00  -9.7519886e-01  -8.0321317e-01   1.1626676e+00   4.0631280e-01
   2.0000000e+00   8.6861462e-01  -5.2106348e-01  -2.4956359e-01  -9.5660819e-02  -1.3397176e+00  -1.9688474e+00  -5.4862948e-01   2.7141828e-01   3.4720021e-01   1.5400372e+00
   2.0000000e+00  -1.0008119e-01   1.5701848e-02  -2.1179831e+00   1.5878120e-01  -3.4627681e-01  -9.1959443e-01  -1.8907255e-01  -1.1599067e+00   1.4337387e+00  -3.9804650e-01
   2.0000000e+00   7.8652628e-01  -7.8282957e-01   6.9447737e-01  -2.3530538e-01  -4.5410532e-01   4.7917799e-01  -6.8695705e-01   6.6603095e-01  -9.4414357e-01  -1.1963636e-01
   2.0000000e+00   3.7579365e-01  -7.6342473e-01   9.7909871e-01   1.1168322e+00  -8.3974077e-01  -5.7706535e-01   1.0098312e+00  -3.9811333e-01   2.5159803e+00  -1.5956880e+00
   2.0000000e+00   1.6909681e+00  -2.7339400e-01   1.8365959e+00  -2.1590114e-01  -3.6492612e-01  -6.8332041e-01  -1.7566469e+00   8.4669499e-01  -2.9534835e-02   1.5916217e+00
   2.0000000e+00   8.2592960e-01  -4.6411822e-02  -8.0128064e-01   1.0031205e+00  -3.8313601e-01  -7.5784903e-01  -2.8240245e-01  -7.7863524e-01  -1.1101773e+00   3.6112565e-01
   2.0000000e+00   7.3131675e-01  -6.9637800e-01   7.0093235e-01   1.7962618e+00  -6.2728366e-01  -1.9374716e+00   1.0811740e+00   1.7462228e-01  -1.3885793e+00  -6.5583947e-01
   2.0000000e+00   7.3921809e-01   5.7849391e-01   2.2722854e+00   1.0808565e+00  -1.9554540e-01  -9.5666903e-01   9.9625753e-01   9.2605065e-01  -3.8628872e-01  -1.0215584e+00
   2.0000000e+00  -6.6282537e-01  -2.0760858e-01  -6.9819264e-01  -1.2070083e+00  -1.5707773e+00   2.2880686e+00   7.0605821e-02  -2.3119795e+00   4.3805693e-01   1.1818181e-01
   1.0000000e+00   9.3480065e-01   4.6523522e-01   3.3376945e-01  -4.1954744e-01  -1.0592815e+00   1.5691581e+00  -2.5425583e+00   2.5685589e+00   3.2032341e-02  -7.9542673e-01
   2.0000000e+00   9.0272641e-01   7.5281603e-01  -1.0010131e+00   7.5864787e-01   2.7841130e-02  -4.9875493e-01  -7.8462581e-01   7.7790711e-01  -1.5443883e+00   7.4689052e-01
   2.0000000e+00   3.8075097e-01  -9.7562765e-01  -2.0829090e+00  -1.5251759e-01   9.0924621e-01   7.2600689e-01   1.2950946e-01  -8.3137783e-01   4.3275255e-01   5.4124022e-02
   2.0000000e+00   2.4800461e-01   1.6421669e+00  -1.5546248e-01  -2.1237720e-01  -1.3854560e+00   5.1072127e-01  -1.6858924e+00  -7.1045775e-01   4.8708263e-01  -5.2108970e-01
   2.0000000e+00  -1.4411862e-01   1.1755017e-02  -9.3871773e-01   1.0979314e+00  -3.9715280e-01  -9.4884898e-01   1.4217231e-01  -3.7240708e-01  -6.0386322e-01   1.4656734e+00
   2.0000000e+00  -2.0685619e+00  -5.2104242e-01   4.2772778e-01   6.4942159e-01  -5.4760956e-01   1.0721603e+00   6.0841461e-01  -2.1908671e+00  -1.7696034e-01   1.0506483e+00
   2.0000000e+00  -4.7127722e-01  -2.5694862e-01  -4.8770283e-01   1.4750277e+00   3.0977501e-01  -5.4647519e-01   2.3685704e-02  -1.2622823e+00   3.3009831e-01  -4.3430018e-02
   2.0000000e+00   5.1948662e-01  -4.1363432e-01   2.3940786e+00  -1.5881532e+00  -1.0186578e+00   2.1471249e+00  -2.3722183e+00  -9.9016939e-01  -1.8101072e-01  -4.7843338e-01
   2.0000000e+00  -5.3165524e-01   1.8884596e+00  -8.6855637e-01  -1.5192113e+00   4.0810671e-01   7.6235995e-01  -2.2760261e-01   8.7261793e-02   3.2811989e-01  -1.0377913e-01
   2.0000000e+00   1.7349395e+00  -1.1389529e+00   9.0803637e-01  -5.4275762e-01  -9.3583803e-02  -3.9250800e-02  -3.9927261e-01   1.1156465e+00  -2.7432217e+00  -1.5447960e+00
   2.0000000e+00  -2.2521277e-01  -4.2461188e-01   3.2285082e-01  -3.3861336e-01   4.1853696e-01   6.4484489e-02   7.4995545e-01   8.4879430e-01  -1.2951265e+00  -5.0083838e-01
   2.0000000e+00  -7.0523985e-01  -9.0943107e-01  -4.7825572e-01  -7.0031438e-01  -9.0075490e-02  -1.5646967e-01   3.2429438e-01  -7.7611658e-01  -2.3930940e-01   7.5959434e-01
   2.0000000e+00  -3.7544902e-02   1.7040556e+00   2.4199934e-02   1.2107104e+00   6.0058874e-01   1.7141779e+00  -7.0792069e-01   1.0967884e-01   4.8556091e-01  -1.3104814e+00
   1.0000000e+00   8.1638833e-02   7.5487811e-02  -3.3194573e-01   8.1272174e-01  -8.7501104e-01   1.0134512e+00   3.6483167e-01  -8.9259909e-01  -1.0302658e+00  -1.3436359e+00
   2.0000000e+00   6.3068976e-02   1.0592013e+00   3.6734630e-01  -4.0600911e-02  -6.1775211e-01   1.0762473e+00   6.4967222e-01   1.3797932e-02  -4.0280155e-01   2.1601362e+00
   2.0000000e+00  -1.5065617e+00  -5.6810278e-01   4.4628000e-01   6.2310085e-01  -8.3608160e-01  -6.8741756e-01  -7.6039683e-01  -1.6413012e-01   2.0220273e+00   3.1306952e-03
   2.0000000e+00  -4.5523481e-01  -1.0120795e+00  -1.6363124e-01   1.4756807e-01   9.8780072e-01  -4.4240747e-01  -6.1350320e-01   6.6035657e-01   3.1920779e-01   1.8727349e+00
   1.0000000e+00   5.5217097e-01   1.2985510e-01  -8.2766401e-01   1.4665218e+00   1.4538269e+00   2.1534740e+00   9.4330954e-01  -2.9022255e-01  -4.2043057e-01  -6.1152281e-01
   2.0000000e+00   2.6424836e+00  -6.7309836e-01   7.9301776e-01   1.4041740e+00   9.9917725e-01   1.1627581e+00  -7.1648648e-01   1.0108624e+00  -5.0114661e-01  -1.7477850e-01
   2.0000000e+00  -7.8685818e-01   7.0040886e-02  -1.0605971e+00   1.2939312e+00   8.1488232e-01  -1.5005201e+00  -9.5315616e-01  -9.9305888e-01   1.9149443e+00   5.7355584e-01
   2.0000000e+00  -1.0208949e+00   6.7652535e-01   7.9331433e-01  -8.5696712e-01   7.3146973e-01  -1.4796456e-01   5.6222714e-01   6.1042784e-01  -6.1865205e-01   3.2642376e-01
   2.0000000e+00  -2.8693813e-01   1.5467922e+00  -2.8819629e-02   3.1143511e-01   4.6310046e-01  -5.3522831e-01   5.9516999e-01   8.4940440e-01  -1.7897980e+00   1.8180963e-01
   2.0000000e+00   6.1565631e-01  -1.1376665e+00   4.3748546e-01  -1.4855784e+00   1.6345840e+00  -1.0635787e-01   8.3453082e-01  -5.3793658e-01   1.4316192e+00  -4.5687726e-01
   1.0000000e+00  -1.1346564e+00   3.6236565e-01   1.3401507e-01  -1.1506549e-01  -7.9525476e-01   7.9900799e-01  -6.8225213e-01  -1.0089046e+00  -3.7420261e-01  -1.7477715e+00
   2.0000000e+00  -2.7536231e-01   1.4945333e+00  -7.6285162e-01   3.0999573e-01  -1.1479984e+00   4.5437013e-01  -3.7549830e-01  -1.0412752e+00  -1.3834256e+00   1.1336724e+00
   2.0000000e+00  -8.2905535e-01  -1.4105556e+00   1.7804936e-01  -8.4855337e-01  -7.1460447e-02   6.6267894e-01   1.1386860e-01  -1.9329118e+00  -1.8558045e-02   2.6430272e-01
   2.0000000e+00  -1.8289253e+00  -1.7997833e-01   2.7595592e-01  -1.1327988e+00  -8.2274948e-01   8.7745866e-01   3.3355068e-01   3.8917160e-01  -1.2998837e+00   7.7318289e-01
   1.0000000e+00  -3.1049861e-02   7.0066108e-01   2.7248694e-01  -9.7984463e-01   3.4876527e-01  -8.8283619e-01   2.5825247e-01  -7.3059635e-01   8.7643685e-01   8.7445366e-01
   2.0000000e+00   4.4452377e-01  -1.0625456e-01  -2.4831692e-02  -4.5279981e-01   2.0087369e-01   5.3552713e-01   1.0546768e+00  -9.1689471e-01   4.2802178e-02   1.0056193e+00
   1.0000000e+00  -5.4427028e-01   8.8978024e-03  -8.2647636e-02   1.1934531e+00  -3.6752986e-01  -2.0296479e+00   1.0355788e+00   5.0359444e-01   9.8611235e-01  -7.4204324e-02
   2.0000000e+00   8.6149617e-01   5.9992449e-01   9.5272901e-01   6.1574634e-01  -5.8949002e-01  -8.0805916e-01   2.3395070e-01   1.1934078e+00   1.0906084e+00  -4.5701312e-01
   2.0000000e+00   3.4929838e-01  -7.8914763e-01   1.7708623e-01   1.8414332e+00   8.0451860e-02   1.1298106e+00  -5.5353146e-01  -5.1741152e-01   3.3124582e-01  -5.4459690e-01
   2.0000000e+00   1.4740284e+00  -3.8229496e-01   9.4610673e-01   1.0881920e+00  -1.4003133e+00  -8.1439517e-01   6.2571263e-01  -5.5505573e-01  -2.1045109e+00  -1.2359022e+00
   2.0000000e+00  -5.6587644e-01  -3.3312934e-01  -1.0517922e-02  -4.0174885e-01   8.3620225e-01   2.5392277e-01  -9.4897918e-01  -9.4808256e-01   1.2729303e+00  -3.2372285e-01
   2.0000000e+00   8.4946037e-01   1.3921853e+00  -3.3164245e-01  -9.3648993e-01  -4.8518244e-01  -6.5667146e-01  -9.9259430e-01  -1.2223054e+00  -7.1612784e-01  -1.5555672e+00
   2.0000000e+00   4.6350698e-01   5.7531308e-01  -1.4183997e-01  -1.2663059e+00  -2.0316775e+00   1.4384900e+00   1.1733684e+00   8.3569308e-01  -1.5408521e+00  -2.0529524e-01
   2.0000000e+00   1.4007465e+00   3.6094870e-01   1.0891014e+00  -3.5613311e-01   6.2396797e-01  -2.9165554e-01  -4.5713936e-01   3.4960911e-01   5.0255904e-01   1.7242413e+00
   1.0000000e+00   2.1038980e+00   3.5733849e-01   6.5237753e-01  -1.6476072e+00  -3.1380195e-01   2.3067622e-01  -1.0356066e+00  -1.6958044e+00   3.7214479e-01   1.6715442e-01
   2.0000000e+00   1.0975675e+00  -8.8668499e-01  -1.0784986e-01  -1.1809944e+00  -3.8512068e-01  -4.8902922e-01   5.7766320e-01  -6.0443591e-02   1.4998713e+00   4.8880285e-01
   2.0000000e+00   1.0477455e+00  -1.4463375e+00   5.4229680e-01   7.7868252e-01  -7.8952141e-01   6.4920991e-01   5.1222334e-01  -2.6021842e+00  -5.3033008e-01  -3.3008541e-01
   2.0000000e+00  -1.3370504e+00  -3.2852432e+00  -8.7638324e-01  -2.5062521e-01  -2.5543216e-01   3.4735895e-01  -2.7329820e-01   3.2137434e-01   4.9356781e-01   5.6023187e-01
   1.0000000e+00   8.1083324e-01   4.3157128e-01  -5.7534412e-01  -2.2322632e-01   1.4762384e-01  -6.0895306e-01  -1.2523644e+00   3.1328739e-02  -1.6494797e-01  -2.0575617e+00
   2.0000000e+00  -1.2160444e+00  -3.5436716e-01  -2.6082336e-01   9.0203107e-03  -1.7358832e-01  -3.1008547e-01   1.9806766e-01  -5.4505721e-01   1.3128202e+00  -3.8423166e-01
   2.0000000e+00  -9.0780902e-01  -6.8141951e-01   1.9513275e+00  -1.1411634e+00   1.6853638e-01  -1.4764681e+00   3.7454042e-01  -5.0792429e-01  -4.1143806e-01   1.2932331e+00
   2.0000000e+00   2.0375565e+00   4.5519103e-01  -1.3164217e+00  -9.4136498e-01  -4.5111478e-01   4.4987302e-01   8.0642538e-01  -1.2971550e+00  -6.4273113e-01  -9.8473738e-01
   2.0000000e+00   7.8292412e-02  -2.4521654e+00   3.8625141e-01  -1.0977898e-01   5.8748256e-01   7.8517295e-01   3.7817921e-01   1.6264325e+00   3.1798110e-01   4.5030336e-01
   1.0000000e+00   5.1736179e-01   2.9131271e-01   7.2039164e-01   5.6468608e-01  -1.0932025e+00   7.4360687e-01   1.1124946e+00  -8.9342778e-02   2.0425654e+00   6.1439845e-01
   2.0000000e+00   2.7564438e-02  -8.7099473e-02  -4.6819830e-01   7.8156581e-02   1.7739936e-01   1.1278814e+00  -1.3947217e+00  -8.1182056e-01  -6.4733795e-01  -8.8816682e-01
   2.0000000e+00  -7.8008471e-01  -3.5269119e-01  -4.1460539e-01  -9.2305128e-01  -1.9982043e+00   3.1597913e-01   1.7856532e-01  -4.2143293e-02   1.1654976e+00   1.7826644e-01
   1.0000000e+00  -1.6351545e+00   1.6610609e-01  -4.9843033e-01   6.0783799e-01  -1.7166501e+00  -4.4832767e-01  -6.2445613e-01   1.3388393e+00  -3.2795513e-01  -3.9938825e-01
   2.0000000e+00  -4.9377536e-01  -1.1173718e+00  -5.0949715e-01   2.0490006e-01   2.1675099e-01  -2.7580614e-01  -4.6494135e-01  -9.5456074e-01  -8.4853001e-01  -8.5609062e-01
   2.0000000e+00   5.3092518e-01  -1.5730005e+00  -1.9607612e-01  -1.0703648e+00   9.3094567e-01  -1.0830287e-02   7.4424008e-01  -6.2807100e-01  -1.4081311e+00  -2.5906110e+00
   2.0000000e+00   1.7916768e+00   1.2852475e+00  -5.2202541e-01  -1.5883744e+00  -7.9051966e-01  -6.6078033e-01  -1.2863422e+00   1.1871565e+00   6.0406179e-01   3.1679475e-01
   2.0000000e+00   1.3769207e+00  -1.8419188e+00   1.6006972e+00   1.4720667e+00  -4.1113827e-01   1.1340425e+00  -1.0715839e+00   1.3618157e+00  -2.1747185e-01   2.6822164e-01
   2.0000000e+00   3.1639666e-01  -6.8436164e-01  -5.6580089e-01  -2.6506744e-01   1.2689179e-01  -1.5668124e-01   1.3137908e+00   1.0915078e+00  -8.6085967e-01  -8.2725055e-01
   2.0000000e+00  -6.0522303e-01   9.7777950e-02  -1.8817047e+00  -7.7241685e-02   1.7913090e+00  -5.8009095e-02  -7.1263764e-01   7.7059595e-01   1.8298227e+00  -1.8630743e+00
   2.0000000e+00  -1.7541440e+00  -1.2251329e+00   2.9277102e-01  -8.7828546e-01   1.4525262e+00  -2.0159856e-01   1.9734182e-01   8.6538207e-01  -1.7083599e-01   6.1025333e-01
   1.0000000e+00  -1.1000582e+00   1.2261481e-01   1.7321753e-02  -4.9990270e-01   1.1433360e+00   2.3539295e-02   1.5471654e-03   4.3917840e-01  -2.8368996e+00  -9.3284529e-01
   2.0000000e+00  -4.7206748e-01  -5.5140669e-01   1.5370870e+00   4.1503628e-02   5.3642327e-01  -4.3932846e-01   6.5610577e-01  -1.6582375e+00  -1.8554277e-01   2.5452022e-01
   2.0000000e+00  -9.3124496e-01  -2.4650779e+00   3.4705262e-02  -1.4209138e+00   4.5176473e-01   1.3410302e+00   2.7152465e-01   4.1534444e-01  -9.2447993e-01   1.2206789e+00
   1.0000000e+00   1.8537801e-01   4.0398735e-01  -1.2520012e-01  -1.0646452e+00   1.1663797e+00   1.8533951e-01  -4.7421585e-02  -4.4886064e-01   9.5211431e-01   8.0797576e-01
   2.0000000e+00  -5.5095449e-01   5.8708329e-02  -1.1075926e+00  -2.3875392e-01  -1.6707196e-01  -1.1922121e+00  -1.2955510e+00   1.4768711e+00  -5.1704364e-02  -1.8231328e-01
   2.0000000e+00  -1.0875057e+00  -7.2816661e-01  -7.9763901e-01  -1.1976519e+00  -1.0744729e+00   1.1879713e-03   8.2657899e-02  -1.0231440e+00  -1.3142018e+00   1.3326380e+00
   2.0000000e+00  -6.5139241e-01  -8.6871471e-02  -4.4203666e-01   2.5534062e-01  -7.5552959e-01  -4.1064399e-01  -3.7983936e-01  -4.0594514e-01  -1.1143224e+00  -1.5554131e+00
   2.0000000e+00  -8.8992948e-01  -1.1507679e+00  -1.4395424e+00   1.0170182e+00   5.7558112e-01   7.3247655e-02   4.2830319e-01  -1.0555175e+00  -5.8913208e-01  -1.3401217e+00
   2.0000000e+00  -9.4656981e-01   4.6564375e-01   1.0416827e+00   6.5565951e-01  -6.6652306e-01   9.0714682e-01  -1.3993574e-01   2.9489897e-01  -1.0794751e+00  -2.2495723e-01
   2.0000000e+00  -7.3793131e-01  -8.1309345e-01   8.6983554e-01  -8.8144608e-01  -9.8236481e-01  -5.7098974e-01  -8.8703862e-02  -2.8814680e+00  -7.5028771e-01  -1.3440156e+00
   2.0000000e+00  -1.3297818e+00   7.5093971e-01   1.3198826e+00   1.1543329e-01  -4.3065650e-01   8.3625187e-01   1.5043333e-01   9.6067228e-01  -1.7407825e+00  -1.5123310e+00
   2.0000000e+00  -1.2189613e-01  -1.8394408e+00   8.8046577e-01  -2.0894588e-01  -5.9367065e-01   1.8541111e+00  -2.1172044e-01  -1.1724665e-01   3.9917445e-01   1.1482535e+00
   2.0000000e+00  -1.2975802e-01   7.3376825e-01   7.6210873e-01   2.1276847e+00  -1.3374992e-01  -1.9119865e-01  -1.4624790e-01   3.3681963e-01  -1.9713250e-01   6.5042910e-01
   1.0000000e+00  -2.6614819e-01   4.8001715e-01   4.8927119e-01   8.8572196e-01  -4.5077776e-01   8.9712899e-01  -1.1286854e-01  -1.6987835e-02  -1.9347549e-01  -8.3233823e-01
   2.0000000e+00   4.1795418e-01  -1.2315295e+00   1.0976893e+00  -2.0086210e+00  -9.0518411e-01   5.8050990e-01   1.6440318e+00  -2.3776031e-01  -7.0812724e-01   4.7567222e-01
   2.0000000e+00   6.0567640e-01   1.0506576e+00   1.9398383e-01  -1.8469397e+00   5.7224719e-02   9.5185538e-01   7.3354397e-01  -1.1137376e+00  -1.0584565e+00   1.3237529e+00
   1.0000000e+00   8.0590194e-01   6.8634243e-01  -4.9451898e-01  -7.3188416e-01   3.0598288e-01  -7.0198554e-01   1.9925933e+00  -7.8004287e-01   1.5665744e-01   4.1306351e-01
   2.0000000e+00   6.7578754e-01  -1.2902572e+00   5.1499844e-01  -1.0467646e+00   9.6698853e-01  -1.3582896e+00  -2.4132193e-01  -7.8052435e-01  -6.8674068e-01  -5.2065887e-01
   2.0000000e+00  -9.7152183e-01   1.0574955e+00  -1.6479478e+00   4.9640308e-01  -1.8408091e-01   4.8003373e-01  -3.6401548e-01   8.3380677e-01   1.1742571e+00   3.4960412e-01
   2.0000000e+00  -9.9789428e-01   6.6172916e-01   6.9134615e-01   3.2756872e-01   1.3857849e+00  -4.4688128e-01  -1.2868230e+00  -1.8267337e-01  -1.0560041e+00   3.3004594e-01
   2.0000000e+00   1.5116104e+00   6.8682917e-02  -9.5093445e-01   9.7604027e-01  -2.8982532e-01  -1.9310586e-01   3.4013139e-01   6.1932107e-01   4.7573933e-01   2.3751620e+00
   1.0000000e+00   9.5370061e-01   2.9083942e-01  -6.7026711e-01  -1.4316469e+00  -2.3156999e-01   5.0817091e-01  -4.6728388e-01   5.3152188e-01  -9.2901106e-01  -7.8262877e-01
   2.0000000e+00   4.1810251e-01   1.5024931e+00   1.0906326e-01  -1.6063498e-01   1.2028020e+00  -1.3002763e-01  -4.4600754e-01   1.5534619e+00   3.5352162e-02   1.3174914e+00
   2.0000000e+00  -1.8095283e-01  -5.3582978e-01   4.4528574e-03   1.3048071e-01   3.8267285e-02   1.5812598e-01  -1.9319526e+00  -6.3751672e-01   2.9491606e-01  -3.1046528e-01
   2.0000000e+00  -1.0506917e+00  -7.5524563e-01  -3.9308781e-01   9.0430856e-01  -1.5368302e-01  -3.9985599e-01  -7.3100958e-01   5.9823974e-01  -7.3504218e-02   4.2449072e-01
   2.0000000e+00  -4.3646569e-02  -1.0199582e-01  -1.1891630e+00   1.0323211e+00  -3.7863757e-01  -7.5475287e-01   2.4580046e-01   1.1810253e+00  -4.0787464e-01  -4.2173468e-01
   2.0000000e+00  -1.4783017e+00   1.3570064e+00   1.2492654e+00   2.8043379e-01   2.6790477e-01  -6.0061581e-02   7.1393426e-01  -8.2601918e-01   1.0195176e+00  -2.1308632e-01
   2.0000000e+00   7.5048363e-01   1.3509984e+00   1.0825385e+00  -5.0417033e-01  -1.0654429e+00   5.0039966e-01   1.0680285e+00  -1.0880375e+00  -1.3433702e-01   3.0380213e-01
   2.0000000e+00   5.8843983e-01  -1.4607178e+00  -1.3667749e-01  -3.1244916e-01   1.5389139e+00   3.2741809e-02   8.1085338e-01  -3.6636581e-02  -1.3909239e+00   1.5734658e+00
   2.0000000e+00  -7.4680737e-01  -1.7174423e-01   7.8547481e-01  -2.6184135e-01   2.7473442e-02   1.5035553e+00  -7.2504950e-01   8.4319793e-02   4.8164115e-02  -2.9857880e-01
   2.0000000e+00   5.4917509e-01   5.6099565e-01  -7.8412890e-01  -2.8242158e-01  -3.3937737e-01  -1.0491063e+00  -1.7701446e+00  -2.8723380e-01  -1.3370114e+00   7.7811590e-01
   1.0000000e+00  -1.6569640e+00   3.5760689e-01   1.1842528e-01  -2.7759017e-01   1.0143742e+00   6.3172685e-01   7.1797240e-01   2.4091487e-01   1.6215516e+00   1.0017769e+00
   1.0000000e+00   1.4371310e+00   4.1231028e-01  -5.4659525e-01  -4.8660563e-01   1.2176545e+00   1.4458157e+00  -4.2372276e-01  -7.1749533e-01  -1.6504336e+00   7.5963546e-01
   1.0000000e+00  -2.1085651e+00   4.0509875e-01   7.3267666e-01   9.9398908e-01  -1.5142922e-01   1.1864945e+00   2.3716094e-01  -1.3721913e+00   1.1689454e+00  -3.1580049e-01
   2.0000000e+00  -1.1846820e+00   1.6727537e+00   6.0704716e-01   4.8707983e-01   1.4895514e+00  -8.8947433e-01   4.0021846e-01  -7.0688057e-01   1.4681642e-01  -1.1336369e+00
   2.0000000e+00   1.9218185e+00   1.4828654e+00   1.4672642e+00   7.5646583e-02  -1.8617249e+00  -5.0813251e-01  -9.5080666e-02   2.4924812e+00   7.3026683e-01  -4.3343601e-02
   2.0000000e+00   2.6026262e+00   9.5743304e-01  -5.6236215e-01   6.7302215e-02  -1.5368769e+00   1.4610467e-01  -1.7173052e+00  -2.1824297e+00   2.9143625e-01   5.6503200e-01
   2.0000000e+00  -1.1859993e+00  -1.5131328e+00   1.9277291e-01   6.0728983e-01   1.8344957e+00  -1.4179718e+00   3.1370981e-01   1.7509421e-01  -1.3190081e+00  -1.8134310e+00
   2.0000000e+00   1.4545043e+00   5.4911651e-01  -1.0757340e+00  -6.0263837e-01  -1.3379655e+00   1.6560311e+00   1.6831962e-01  -6.5157728e-01   5.3709033e-01   6.2318335e-01
   2.0000000e+00   7.7585050e-01   9.4095693e-01   9.0389696e-01  -2.5738325e-01  -1.1490346e+00   5.1367538e-01   1.4461164e-01   7.3441079e-01   7.4110173e-01  -8.0623018e-01
   2.0000000e+00   3.1341590e-01  -7.1638359e-01   4.8225834e-03   5.4119049e-01  -1.7411507e+00  -5.7202859e-02   3.3917084e-01  -1.6928030e+00  -1.7773033e+00   1.5085273e+00
   2.0000000e+00  -1.1140094e+00  -7.5952014e-01   5.9479275e-01   3.8206153e-01  -1.7442343e-01  -4.0987357e-01   1.0511855e+00  -5.4598818e-01   3.4617052e-01   9.8644206e-01
   2.0000000e+00   1.5996851e+00  -6.7589165e-02   4.0748369e-01  -1.3723896e+00   3.4857546e-01  -2.2740505e-01  -2.7370472e+00  -1.2526652e+00  -1.2730666e+00   1.4959622e-01
   2.0000000e+00  -8.7021655e-01   1.0047348e+00  -1.0080468e+00   1.6025193e-01  -3.9192436e-01  -6.5319579e-01  -2.1500990e+00  -1.5864928e+00  -1.3495908e+00  -4.1796995e-01
   2.0000000e+00  -1.9715349e-01  -1.7324931e-01  -1.7830165e+00   4.8173352e-01   1.1684466e-01   7.9550954e-02   7.0275004e-01   1.3199744e+00  -3.7610223e-01   2.8640827e-01
   2.0000000e+00  -1.5418603e-01  -5.9929774e-01   1.1603521e+00  -8.2182301e-01   5.1751670e-01  -1.9584242e+00   8.7773594e-02   4.0598573e-01  -5.3684252e-01  -2.8404725e-01
   2.0000000e+00   2.0165020e-01  -8.9257314e-01  -1.2433888e+00  -2.7994237e+00   2.1217914e-01  -2.7791313e-01  -5.9682180e-01  -3.0181868e-01   4.0805464e-01   4.0544785e-01
   2.0000000e+00  -2.2981321e-01  -1.1566296e+00  -5.6743951e-01  -9.1092324e-01   1.6396675e+00   5.6570084e-01   8.5157287e-01   7.1862278e-01  -3.4015998e-01   3.4351051e-01
   2.0000000e+00  -1.0249270e-01  -5.6152019e-01  -5.1655301e-01   7.8616463e-01   9.1057316e-01   5.9288225e-01   9.5249648e-01  -6.4112372e-01   1.6821077e+00  -5.7843470e-01
   2.0000000e+00   1.0733459e+00   2.3667042e+00  -6.9124161e-01   6.3716414e-01  -5.9162500e-01  -1.1664575e+00   1.0048756e+00   1.6429094e+00  -9.9644867e-01   9.2949136e-01
   2.0000000e+00   2.7865681e-01   2.3879700e+00  -6.1582186e-01   1.0571127e-01   4.1343333e-01  -8.1774513e-01  -7.6999228e-01  -8.3448414e-01  -8.8810609e-01   1.1120279e+00
   2.0000000e+00   3.5485859e-01   8.8228899e-01   6.7305066e-01   1.0204264e+00  -9.4752091e-03  -1.0123754e+00  -2.3497047e-01   6.8608101e-01   2.8756854e+00   8.8587337e-01
   1.0000000e+00   6.3021875e-01   7.5312198e-01   1.6126196e-01  -5.8592988e-01  -3.2159019e-02  -1.4068406e-03  -9.4353709e-01   9.4216824e-01  -1.7149073e-01  -3.0572458e-01
   1.0000000e+00  -2.5603369e+00   8.2151695e-02  -8.6918282e-01  -1.5620350e+00  -1.2632958e+00  -1.0273664e+00  -7.0966901e-01  -1.1195830e-01  -1.8223673e+00   3.3547984e-01
   2.0000000e+00  -1.2954993e+00  -6.4096676e-01   1.6054007e-01  -4.5234373e-01   1.9831049e+00   1.0717531e+00  -1.5609750e+00   6.1462963e-01  -1.7725664e-01  -7.1035828e-01
   2.0000000e+00  -9.8869908e-01   3.5187292e-01  -9.3056018e-01  -4.3587053e-01  -3.4159195e-01   1.5914629e-01  -2.2894970e-01  -1.5593353e+00  -3.5417065e-01   2.2988836e-01
   2.0000000e+00   1.5809345e-01  -6.2790192e-01   6.9829187e-01   1.7487706e+00  -3.0328998e+00   1.8939700e-03   1.3801481e+00   1.6771291e+00   3.7010248e-01  -1.5577856e+00
   2.0000000e+00  -1.1577877e+00  -5.6132244e-02   2.6892816e-02  -1.3578658e+00  -1.5006617e-01  -2.5895014e-01   7.4177732e-01   1.0046647e+00   3.6817291e-01   1.2548095e+00
   2.0000000e+00   1.1977758e+00  -6.5056507e-01   9.7437077e-01  -9.9157785e-01  -3.2049546e-01  -7.2830203e-01   2.7459128e-01   1.3312514e+00  -6.5672195e-01   1.6293498e+00
   2.0000000e+00   1.2346605e+00   1.4537279e+00  -1.4034022e+00  -1.8285939e+00   1.1393531e-01   9.6841709e-01  -2.1812241e-01   3.0453207e-01  -8.7998695e-02  -7.1904388e-01
   2.0000000e+00   9.0862410e-01  -1.7746196e+00   1.6335694e+00   3.7759384e-01   1.4724077e+00  -5.7941340e-01  -2.6829404e+00   1.5343790e+00   1.1095245e+00   6.1763706e-01
   2.0000000e+00  -1.1407810e+00   1.2193695e+00   1.4987353e+00   9.5957253e-01   1.6061733e-01  -1.1668048e+00   2.9451993e-01  -3.3068312e-01   1.5992137e+00   6.5102570e-01
   2.0000000e+00   9.3608738e-01   8.2256804e-01   1.4312385e+00  -5.4163681e-02   2.6379206e-02   2.5101574e+00   1.3076122e-01  -1.4771875e+00   9.4286681e-01   9.9221752e-01
   2.0000000e+00  -1.6798908e+00  -7.0595808e-02   1.3044304e+00   5.4494406e-01   1.1385101e-01  -6.3196105e-01   1.0748320e+00   2.0725387e+00  -7.0290624e-01  -7.4578715e-01
   2.0000000e+00  -2.3954949e-01  -9.0940216e-01  -1.7388783e+00  -1.6708530e+00  -5.5859126e-01  -1.4526485e-01   5.9237320e-01  -3.4483901e-01  -1.2782430e+00  -5.7610408e-01
   2.0000000e+00  -1.3792643e+00  -7.5961490e-01   1.5122770e-01  -1.7345306e-01  -7.1455261e-01   5.1909966e-01  -7.2279721e-01  -1.2026979e-02  -1.0512598e+00   1.2384132e+00
   2.0000000e+00   1.5241632e+00  -1.4259265e+00  -8.6324410e-01  -2.9234464e-01   6.2601976e-01   9.6622762e-02   1.0859275e+00  -9.7715434e-01   1.0628773e+00  -3.0149065e-01
   1.0000000e+00  -2.5254750e-01   2.1503589e-01  -7.5870091e-01  -1.5383785e+00   9.2843706e-01   4.7176817e-02   1.4758795e+00  -1.4949396e+00  -1.3844943e+00  -1.2589235e+00
   2.0000000e+00  -2.1720458e+00  -2.8500769e-01   1.8221261e+00  -1.0531847e+00  -8.7163407e-02  -8.8711919e-01   7.8533196e-01   6.6640143e-01  -1.0730387e-01  -1.1785123e+00
   2.0000000e+00  -1.9079197e+00   7.6758173e-01  -1.2185303e+00   3.0759076e-01  -1.6098197e+00   1.4709735e+00   1.2859444e+00   1.5771865e+00   1.6402382e+00   9.1758287e-01
   1.0000000e+00   1.9123701e-01   2.4029616e-01   6.8330115e-01  -1.8361592e+00   2.4046676e-01   5.7748495e-01  -7.3639950e-01  -9.7169997e-01  -2.4102673e-01   6.8337969e-01
   2.0000000e+00   8.1743682e-01  -6.1211623e-01  -6.8627252e-01   6.5666837e-01  -1.4804230e+00   4.8182719e-01  -2.0095758e-02   4.6850005e-01   2.5482664e+00   6.6501496e-02
   1.0000000e+00  -1.3399082e+00   1.4707049e-01   1.0561650e-01  -8.4803777e-02  -9.0009810e-01   3.4021701e-01   1.8486739e+00  -2.1649009e+00  -1.8627512e-01  -3.2993850e-01
   2.0000000e+00   7.3966330e-01   2.1429833e+00  -3.4851936e-01   1.4084828e+00  -7.0511598e-01   3.5899387e-01  -7.7950726e-01   1.5718839e-01  -3.5911227e-01   2.3510674e+00
   2.0000000e+00   5.5726044e-01   4.1875434e-01  -8.2499678e-01   2.8518590e-01  -2.3378203e-01  -1.4398785e-01   1.6121370e+00  -3.0739354e-01   2.2769074e+00  -5.9032669e-02
   2.0000000e+00   1.7904428e+00  -2.5238375e+00   1.3160543e+00  -5.1957317e-01  -2.5846890e+00   6.2936670e-01  -2.2493104e+00   1.7800313e-01  -8.1970071e-01   1.1905700e+00
   2.0000000e+00   3.2198445e-01  -6.2928196e-01   1.1720186e-01  -1.0863803e+00   3.8099482e-01  -3.6021363e-01  -9.7393916e-01   1.6171541e-01  -2.5830375e+00  -1.3329113e+00
   1.0000000e+00  -3.2427980e-01   6.2946856e-02   3.9154485e-01  -4.6685708e-01  -7.2060362e-01   5.0093333e-01  -1.6823919e+00  -6.8761319e-01  -1.3038207e-01   8.3042552e-01
   1.0000000e+00  -1.2754324e-01   4.4342104e-02   4.1851325e-01  -4.6156670e-01   3.3863230e-02  -4.4938852e-01   1.5867970e+00   1.1776640e+00  -4.2892862e-01   4.9511058e-01
   2.0000000e+00  -8.9336478e-01   8.3145249e-01   1.2182353e+00  -1.0405374e+00   5.8616828e-01   2.2037592e-01  -1.4442257e-01   2.3227236e+00   4.3305329e-01   6.3763206e-01
   2.0000000e+00   9.3159534e-01  -1.2770385e-01   1.1531014e+00   1.6573908e+00  -1.8545279e+00   7.0888045e-01   5.2606929e-01  -1.0650699e+00  -1.2535131e+00  -1.9051347e-02
   2.0000000e+00  -6.9373030e-01  -4.9228311e-01  -8.9940711e-02  -1.6463771e+00  -5.9275941e-01   4.7225969e-01   1.5250137e+00  -2.4660854e+00  -1.1500714e+00  -1.4155139e+00
   2.0000000e+00  -1.4809232e+00  -1.8454103e+00  -1.0017762e+00  -9.2443428e-01  -2.9590536e-01  -3.5245158e-01   1.3941904e+00   7.2736772e-01   2.5732853e-01   1.2648113e+00
   2.0000000e+00   9.3154902e-01  -3.1504617e-01  -2.1455438e+00   1.3372397e+00   1.2207510e+00   1.3369066e+00   1.9277550e-01   3.1387345e-01   3.6343980e-01  -8.8462428e-01
   2.0000000e+00  -2.6117615e-01  -9.4511521e-01   1.4813543e-01  -3.7069639e-01   9.5689417e-01   1.8228838e-01  -9.1801836e-01  -1.6693524e+00   2.0373633e-01  -1.2416908e+00
   2.0000000e+00  -1.0651497e+00   1.8513060e-01  -1.0538214e+00  -5.9204777e-02   3.7691511e-01  -9.0129193e-01   2.3045605e-01   1.1593009e+00   5.7011362e-01  -1.2331481e+00
   2.0000000e+00  -7.1951926e-01  -1.4481135e+00   5.3133135e-01   1.3422799e+00  -2.0245817e+00   6.6260291e-01  -7.5002829e-02   1.4756011e+00  -1.2064615e+00  -7.3238831e-01
   2.0000000e+00   2.3051067e-01  -2.2738324e+00  -1.2732758e+00   1.4567975e+00   1.0724294e+00   2.1611769e+00   7.5974272e-01   3.5143818e-01   8.8273247e-01  -1.8459435e+00
   2.0000000e+00  -1.2288629e-01  -1.1120741e-01   1.0971855e+00  -6.7921441e-01   6.1630850e-01   6.0624252e-01   6.3863868e-01  -9.9140869e-02   3.5950115e-01  -7.4692782e-01
   2.0000000e+00   1.2179620e+00  -2.2995945e-01   2.2421753e-01  -7.7293989e-01  -5.6374556e-01   2.5978407e-01  -1.2636373e+00  -8.6448391e-01  -1.5578567e+00  -1.8103226e+00
   2.0000000e+00   8.4749564e-01   4.3274306e-01  -9.8866131e-01  -6.4947683e-01   4.7713266e-01  -5.6851315e-01  -1.1859051e+00  -1.2531313e+00   1.6147687e-01   3.4304710e-01
   2.0000000e+00   2.7105363e+00  -9.5791971e-01   1.1836200e+00   1.0398188e+00   1.0917908e+00  -4.5538041e-01  -1.1965754e+00   1.6453528e-01   1.4055342e+00   1.2833595e+00
   1.0000000e+00   6.3279771e-01   8.2734972e-01  -3.4883358e-01   4.4458648e-01  -1.0218252e+00   1.3573625e-01  -1.4059169e+00   9.9786934e-02  -9.3951501e-02   3.7678166e-01
   2.0000000e+00  -1.6178795e-01   8.1864165e-01  -4.6632561e-01  -1.1953108e+00   3.9966302e-01   2.3123219e+00  -8.7639649e-01   1.8490097e+00  -2.3943984e-01   1.5159319e+00
   2.0000000e+00  -9.8671226e-01  -3.3194136e-01  -9.7919803e-01   4.0312821e-01   3.8372768e-01   5.5200658e-01   2.6560766e-01  -5.5430758e-01   1.9066953e-01  -2.2853767e+00
   1.0000000e+00   7.4813585e-02   4.3059688e-01  -2.8292922e-02  -1.6268626e+00   3.6285759e-01   1.5372774e+00  -1.1290641e+00  -2.9490807e-02   1.7289121e+00  -1.6593222e+00
   2.0000000e+00   4.2815337e-01   1.1407320e+00   2.0238734e+00  -2.2502610e+00  -1.1570969e+00  -1.6377291e-01   4.1121562e-01   8.4202073e-01  -4.9698468e-01   1.1787795e-01
   2.0000000e+00   9.2436503e-02   7.0235172e-01   5.6526675e-01  -1.4290961e-01  -9.7284647e-01   1.0245743e+00   3.8537147e-01   4.6128848e-01   3.9417362e-01   5.7764378e-01
   2.0000000e+00  -1.1154399e-01  -1.7884608e-01  -5.5662368e-01  -3.5607708e-01  -4.3586207e-01  -1.1558493e+00  -7.9266035e-01  -1.5287785e-01   2.1574873e-02   3.4387913e-01
   2.0000000e+00  -2.2953558e-01  -1.9686445e+00  -2.0371855e+00   1.0631562e-01  -8.1122030e-01   4.2653021e-01  -9.9145373e-01   8.7312702e-02   3.7823551e-01   2.0181658e-01
   2.0000000e+00   1.1373895e+00  -1.7017544e-01  -5.2192400e-01  -1.0434954e+00  -1.5107599e+00  -1.4139509e+00  -2.1748220e+00   5.9983995e-01  -3.5615496e-01   3.6867679e-01
   2.0000000e+00   1.6826708e-01  -1.0179956e+00   5.8512032e-01   1.2894881e+00  -1.6191144e+00  -7.4994348e-01   9.7126781e-01  -1.1805285e+00   1.4400473e-01  -6.9568349e-01
   1.0000000e+00   1.5171662e+00   6.2021352e-01   1.6662609e-01   4.5585801e-01  -7.9415511e-01   9.5153622e-01   3.9534763e-01   2.2951939e+00   1.0037477e+00   2.6426861e-01
   2.0000000e+00   1.0778351e+00  -1.3337485e+00  -1.0005744e-01   1.2634648e-01   6.4425866e-01  -1.4971031e+00  -8.6414657e-02  -3.5701553e-01   1.9168305e+00  -3.5112396e-01
   2.0000000e+00   1.2950961e-01   1.2235051e+00  -1.0586636e+00  -1.0402730e+00  -1.5114152e-01   4.2423246e-02  -1.0242980e+00   1.0928439e+00   4.2032881e-01   5.8006861e-01
   2.0000000e+00  -7.6626965e-01  -1.9462047e+00  -6.7023318e-01   2.0631013e+00   2.1853084e+00   1.5004799e+00  -8.7434912e-01  -2.7043188e-01   1.0187487e+00   8.4289020e-01
   2.0000000e+00   1.5195268e+00   1.0714873e+00  -1.4985646e-01   1.0564055e-01   6.4115925e-01   2.5539804e+00  -1.2556404e-01  -1.9180333e+00   6.1832986e-01  -5.0931466e-02
   2.0000000e+00  -5.2418021e-01   1.0502907e+00  -6.6152691e-01  -1.0316326e-02  -3.2210768e-01   1.1146897e+00   8.4583527e-02   1.2121446e+00   1.2900486e+00   1.0419683e+00
   2.0000000e+00   2.0140984e+00  -1.6547758e+00  -1.7824662e+00   9.5369736e-01   9.9226690e-01  -1.3254182e-01  -1.9397624e+00   6.2402986e-01   6.9641194e-01  -1.4479624e+00
   2.0000000e+00   3.2599226e-02   2.2341158e+00  -1.3287716e+00   3.3175424e-01  -2.8388504e-01   6.3828221e-01  -1.1451025e+00  -1.2435408e+00   1.5148546e-01  -4.7752023e-01
   2.0000000e+00   1.5395289e+00  -3.0400913e-01   3.3688787e-01  -1.0626296e+00   1.1904604e+00   5.1714456e-01   1.2456126e+00  -5.9948401e-01  -1.6434978e+00  -1.0136977e-01
   1.0000000e+00  -3.9403868e-01   3.8356134e-01  -2.3167730e-01  -7.4678507e-01  -6.5987868e-01  -1.7475241e-01  -6.3638788e-01   8.9297881e-01   8.6517005e-01   1.5554153e-02
   2.0000000e+00   1.3845935e+00  -9.5082664e-01  -1.6518422e+00  -4.1146785e-01   1.0805158e+00   1.2759776e-01  -2.0360392e+00   4.3861094e-01  -1.9970301e-01   4.6495880e-01
   2.0000000e+00   1.8407799e+00  -9.7529236e-01   6.1479686e-01  -2.5146939e+00   2.2725934e-01  -6.5777322e-01  -5.9172859e-01  -4.0349887e-01   1.0515508e+00   2.3943059e+00
   2.0000000e+00  -9.9487109e-01  -7.7791440e-01   1.6063970e+00   1.4796745e+00  -4.2125771e-01   5.7660624e-02   7.9761274e-01  -4.4295610e-01  -1.4578585e+00  -2.3336288e-02
   2.0000000e+00   1.2048797e+00  -2.3314674e-01  -7.0630644e-02   6.4859156e-01   8.8806328e-01  -2.1774569e+00   9.8659133e-01   1.8094274e+00   7.0331085e-01  -5.7737287e-02
   1.0000000e+00   4.1266881e-01   3.2285441e-02  -3.9357588e-01   2.8500634e-01   7.7293811e-01   1.0036096e+00   1.4879295e+00  -2.5330434e+00  -4.5193822e-01  -1.7297382e+00
   2.0000000e+00  -1.0609746e+00   2.1572383e+00  -5.8229472e-01  -1.0340260e+00  -7.9431961e-01   3.9136025e-01  -1.3791102e+00   9.6505414e-01  -6.2617657e-01   1.0248090e+00
   2.0000000e+00  -5.8535681e-01  -2.9665113e-01  -7.5647558e-01  -2.1697166e+00   1.5975422e-01   5.0777433e-01  -6.1342115e-01   7.8397755e-02   1.4746928e-02   9.7659949e-01
   2.0000000e+00  -1.8969469e+00   5.4829913e-04  -1.6155278e+00  -1.1628660e+00   1.2841283e-01  -8.4025140e-01   6.2326591e-01   1.8545608e+00  -2.3005524e+00   7.9979748e-02
   2.0000000e+00  -5.3293290e-01  -9.3189025e-02   1.2214981e-01   7.3784108e-01  -3.2988723e-01   1.5342362e+00   7.9074807e-01  -5.8946000e-02  -4.2653853e-02  -6.1575013e-01
   1.0000000e+00   8.4720553e-01   7.8996993e-01   1.0952882e-01   2.5526709e-01   1.2540982e+00   2.3852002e-01  -6.3182833e-02  -9.0019608e-01   6.7115058e-01  -8.4868439e-01
   2.0000000e+00   2.1397908e-01   2.1115705e-01   9.5503623e-01   1.7096910e+00  -9.1976504e-01   8.9881491e-01   5.8972134e-01  -1.2309998e-01   1.5700686e+00   2.3122245e-01
   2.0000000e+00  -1.2182781e+00   2.4309231e-01   8.7686541e-01   4.0055324e-02  -1.2133515e+00  -5.6945842e-01   8.0439849e-01   6.4045672e-01  -8.7394300e-01   9.7292008e-01
   2.0000000e+00  -3.3545700e-01  -7.2106533e-02   1.4065053e+00   1.7802914e+00  -6.5593375e-01   4.1780871e-01   3.7245559e-01   4.8017174e-01  -2.5464627e+00  -1.8110075e+00
   2.0000000e+00   1.3650481e+00  -1.3610087e+00  -1.9055097e-02   1.0526232e+00   5.3632307e-01  -2.8335488e-01   4.1655840e-01   2.9076216e-01  -8.3945764e-01  -1.5393143e+00
   2.0000000e+00  -7.0614560e-01   1.4914437e+00  -1.1476539e-01  -3.6075378e-01  -9.1289729e-01   7.5707568e-01  -1.5996492e-01   3.8954429e-03   1.1547372e+00  -5.5497070e-01
   1.0000000e+00  -1.7058932e+00   4.2963842e-01  -6.4395345e-01  -1.6569288e+00   1.8001235e-02  -1.0985271e+00   5.5556142e-01  -3.3053714e-01  -2.4303601e+00   1.0884361e+00
   2.0000000e+00  -8.8489010e-01  -1.6544457e-02   8.2718655e-01  -2.4161651e-01  -6.2718948e-01   4.0444710e-01   1.9531207e+00  -2.6721258e-01   1.1179258e-01  -5.1725352e-01
   2.0000000e+00  -2.0531685e+00   4.8926424e-01   8.1257149e-01   4.9572752e-01  -8.1425951e-01   6.5775986e-01  -6.2112732e-01   6.8233382e-02  -6.5750531e-01  -9.5385920e-02
   2.0000000e+00   8.1000628e-01   8.8237315e-01   1.0580121e+00   5.9414578e-01   3.5692365e-01   1.2222814e+00   5.1951607e-02  -2.0446122e+00   1.7161127e+00   1.9081457e-01
   1.0000000e+00   5.5788455e-02   1.5179547e-01   3.4177496e-01   7.2079881e-01   8.5337859e-01   4.4828540e-01  -5.3857448e-01   4.1398895e-01  -4.1088771e-01  -1.8453352e+00
   2.0000000e+00  -5.0190961e-01  -2.6509980e-01   1.9031452e-01   1.3229992e+00  -3.7844071e-01  -3.8438631e-01   8.9438144e-01  -9.6121961e-01  -1.9469125e+00  -8.3634244e-01
   1.0000000e+00  -5.3592652e-01   2.2024756e-01   4.6681545e-01   2.0225244e+00  -2.6411279e-01  -7.3583953e-01   1.2167921e-01   2.5610470e-01  -1.1764362e+00   1.7984584e+00
   2.0000000e+00  -2.7716013e-01   1.3095436e+00   6.7090538e-01  -1.0967641e+00  -1.3818120e+00  -7.3333170e-01  -1.3016754e+00  -5.9903390e-01  -9.8703829e-01  -4.8070987e-02
   1.0000000e+00   1.0396045e+00   6.9636754e-01  -5.3919644e-01  -1.3379957e+00  -3.2623039e-02  -3.3403007e-01   6.4196412e-01   1.9375868e-01  -6.4966009e-02  -6.7001297e-01
